[gd_scene format=3 uid="uid://bwsmrxn17dwr2"]

[ext_resource type="Script" uid="uid://jxclon2ygver" path="res://shared/biome_generator/generator/plants_walls_generator.gd" id="1_t8ucm"]
[ext_resource type="Script" uid="uid://bkroq7y6mcrv6" path="res://shared/biome_generator/generator/points_generator.gd" id="2_pk6b2"]
[ext_resource type="Script" uid="uid://cdjvn3r142ase" path="res://shared/biome_generator/generator/triangle_generator.gd" id="3_d06r1"]
[ext_resource type="Script" uid="uid://cle703ysgd1ey" path="res://shared/biome_generator/generator/biome_generator.gd" id="4_pk6b2"]
[ext_resource type="Script" uid="uid://40evsrc1ymef" path="res://shared/biome_generator/generator/walls_generator.gd" id="5_pjyol"]
[ext_resource type="Script" uid="uid://8cy5tgafubbm" path="res://shared/biome_generator/generator/passages_generator.gd" id="6_2c18v"]
[ext_resource type="Script" uid="uid://ccn212sobnkhi" path="res://shared/biome_generator/wall/walls_combiner.gd" id="7_2c18v"]
[ext_resource type="Script" uid="uid://bc6sdwcbq3i2l" path="res://shared/biome_generator/biome.gd" id="7_n8y37"]
[ext_resource type="Script" uid="uid://rd5ibb702lcp" path="res://shared/biome_generator/wall/passage_line.gd" id="9_bqtct"]
[ext_resource type="Script" uid="uid://bks3clvov8dgh" path="res://shared/biome_generator/wall/biome_wall.gd" id="9_yvdxd"]
[ext_resource type="PackedScene" uid="uid://diqs35d18iqxr" path="res://shared/biome_generator/wall/wall_simple.tscn" id="10_hxs8k"]
[ext_resource type="PackedScene" uid="uid://b66tnl8clprem" path="res://shared/biome_generator/wall/biome_passage.tscn" id="12_hxs8k"]
[ext_resource type="Script" uid="uid://e3gcoopho4a1" path="res://shared/biome_generator/wall/biome_passage.gd" id="13_hxs8k"]

[sub_resource type="StandardMaterial3D" id="StandardMaterial3D_ggy0p"]
albedo_color = Color(0, 0.64705884, 0, 1)

[sub_resource type="StandardMaterial3D" id="StandardMaterial3D_0mw7w"]
albedo_color = Color(1, 0, 0, 1)

[node name="Plants Walls Generator" type="Node3D" unique_id=1762565553 node_paths=PackedStringArray("saved_nodes_node", "subgenerators_node", "walls_combiner", "points_generator", "triangle_generator", "biome_generator", "walls_generator", "passage_generator")]
script = ExtResource("1_t8ucm")
saved_nodes_node = NodePath("Saved Nodes")
subgenerators_node = NodePath("SubGenerators")
walls_combiner = NodePath("Saved Nodes/@CSGCombiner3D@59953")
points_generator = NodePath("SubGenerators/Points Generator")
triangle_generator = NodePath("SubGenerators/Triangle Generator")
biome_generator = NodePath("SubGenerators/Biome Generator")
walls_generator = NodePath("SubGenerators/Walls Generator")
passage_generator = NodePath("SubGenerators/Passages Generator")
custom_seed = 1748455857

[node name="SubGenerators" type="Node3D" parent="." unique_id=386254087]

[node name="Points Generator" type="Node3D" parent="SubGenerators" unique_id=368838986 node_paths=PackedStringArray("generator_main")]
script = ExtResource("2_pk6b2")
generator_main = NodePath("../..")

[node name="Triangle Generator" type="Node3D" parent="SubGenerators" unique_id=1061795928 node_paths=PackedStringArray("generator_main")]
script = ExtResource("3_d06r1")
generator_main = NodePath("../..")

[node name="Biome Generator" type="Node3D" parent="SubGenerators" unique_id=1275106298 node_paths=PackedStringArray("generator_main", "biomes_parent")]
script = ExtResource("4_pk6b2")
generator_main = NodePath("../..")
biomes_parent = NodePath("../../Saved Nodes/Biomes")

[node name="Walls Generator" type="Node3D" parent="SubGenerators" unique_id=1745822719 node_paths=PackedStringArray("generator_main")]
script = ExtResource("5_pjyol")
generator_main = NodePath("../..")

[node name="Passages Generator" type="Node3D" parent="SubGenerators" unique_id=753269181 node_paths=PackedStringArray("generator_main")]
script = ExtResource("6_2c18v")
generator_main = NodePath("../..")
passage_prefab = ExtResource("12_hxs8k")

[node name="Saved Nodes" type="Node3D" parent="." unique_id=1491228548]

[node name="Biomes" type="Node3D" parent="Saved Nodes" unique_id=480014983]

[node name="biome1" type="Node" parent="Saved Nodes/Biomes" unique_id=406366298]
script = ExtResource("7_n8y37")

[node name="biome2" type="Node" parent="Saved Nodes/Biomes" unique_id=902625378]
script = ExtResource("7_n8y37")

[node name="biome3" type="Node" parent="Saved Nodes/Biomes" unique_id=80383069]
script = ExtResource("7_n8y37")

[node name="@CSGCombiner3D@59953" type="CSGCombiner3D" parent="Saved Nodes" unique_id=421681472]
use_collision = true
script = ExtResource("7_2c18v")

[node name="@CSGCombiner3D@59957" type="CSGCombiner3D" parent="Saved Nodes/@CSGCombiner3D@59953" unique_id=707158964]
script = ExtResource("9_yvdxd")

[node name="WallSimple" type="CSGBox3D" parent="Saved Nodes/@CSGCombiner3D@59953/@CSGCombiner3D@59957" unique_id=514626851 instance=ExtResource("10_hxs8k")]
transform = Transform3D(0.96751225, 0, -0.25282404, 0, 1, 0, 0.25282404, 0, 0.96751225, -97.81293, 0, -98.720634)
size = Vector3(1.4966434, 30, 0.5)
material = SubResource("StandardMaterial3D_ggy0p")

[node name="@CSGCombiner3D@59958" type="CSGCombiner3D" parent="Saved Nodes/@CSGCombiner3D@59953" unique_id=1517626860]
script = ExtResource("9_yvdxd")

[node name="WallSimple" type="CSGBox3D" parent="Saved Nodes/@CSGCombiner3D@59953/@CSGCombiner3D@59958" unique_id=526902397 instance=ExtResource("10_hxs8k")]
transform = Transform3D(0.9526533, 0, 0.3040588, 0, 1, 0, -0.3040588, 0, 0.9526533, -95.39608, 0, -99.07175)
size = Vector3(3.553933, 30, 0.5)
material = SubResource("StandardMaterial3D_ggy0p")

[node name="@CSGCombiner3D@59959" type="CSGCombiner3D" parent="Saved Nodes/@CSGCombiner3D@59953" unique_id=798758212]
script = ExtResource("9_yvdxd")

[node name="WallSimple" type="CSGBox3D" parent="Saved Nodes/@CSGCombiner3D@59953/@CSGCombiner3D@59959" unique_id=555699656 instance=ExtResource("10_hxs8k")]
transform = Transform3D(0.99981004, 0, -0.019490147, 0, 1, 0, 0.019490147, 0, 0.99981004, -89.76955, 0, -99.53536)
size = Vector3(7.8689036, 30, 0.5)
material = SubResource("StandardMaterial3D_ggy0p")

[node name="@CSGCombiner3D@59960" type="CSGCombiner3D" parent="Saved Nodes/@CSGCombiner3D@59953" unique_id=669643002]
script = ExtResource("9_yvdxd")

[node name="WallSimple" type="CSGBox3D" parent="Saved Nodes/@CSGCombiner3D@59953/@CSGCombiner3D@59960" unique_id=1305566321 instance=ExtResource("10_hxs8k")]
transform = Transform3D(0.98159313, 0, -0.19098413, 0, 1, 0, 0.19098413, 0, 0.98159313, -84.877975, 0, -99.27231)
size = Vector3(1.9516495, 30, 0.5)
material = SubResource("StandardMaterial3D_ggy0p")

[node name="@CSGCombiner3D@59961" type="CSGCombiner3D" parent="Saved Nodes/@CSGCombiner3D@59953" unique_id=789078289]
script = ExtResource("9_yvdxd")

[node name="WallSimple" type="CSGBox3D" parent="Saved Nodes/@CSGCombiner3D@59953/@CSGCombiner3D@59961" unique_id=2074071809 instance=ExtResource("10_hxs8k")]
transform = Transform3D(0.9916325, 0, 0.12909286, 0, 1, 0, -0.12909286, 0, 0.9916325, -81.078125, 0, -99.45592)
size = Vector3(5.731937, 30, 0.5)
material = SubResource("StandardMaterial3D_ggy0p")

[node name="@CSGCombiner3D@59962" type="CSGCombiner3D" parent="Saved Nodes/@CSGCombiner3D@59953" unique_id=54853990]
script = ExtResource("9_yvdxd")

[node name="WallSimple" type="CSGBox3D" parent="Saved Nodes/@CSGCombiner3D@59953/@CSGCombiner3D@59962" unique_id=946227024 instance=ExtResource("10_hxs8k")]
transform = Transform3D(0.84855735, 0, 0.52910346, 0, 1, 0, -0.52910346, 0, 0.84855735, -76.67638, 0, -100.79846)
size = Vector3(3.6762745, 30, 0.5)
material = SubResource("StandardMaterial3D_ggy0p")

[node name="@CSGCombiner3D@59963" type="CSGCombiner3D" parent="Saved Nodes/@CSGCombiner3D@59953" unique_id=395332585]
script = ExtResource("9_yvdxd")

[node name="WallSimple" type="CSGBox3D" parent="Saved Nodes/@CSGCombiner3D@59953/@CSGCombiner3D@59963" unique_id=662870254 instance=ExtResource("10_hxs8k")]
transform = Transform3D(0.91377914, 0, -0.4062114, 0, 1, 0, 0.4062114, 0, 0.91377914, -72.27388, 0, -100.507324)
size = Vector3(6.2219143, 30, 0.5)
material = SubResource("StandardMaterial3D_ggy0p")

[node name="@CSGCombiner3D@59964" type="CSGCombiner3D" parent="Saved Nodes/@CSGCombiner3D@59953" unique_id=1137620237]
script = ExtResource("9_yvdxd")

[node name="WallSimple" type="CSGBox3D" parent="Saved Nodes/@CSGCombiner3D@59953/@CSGCombiner3D@59964" unique_id=567642789 instance=ExtResource("10_hxs8k")]
transform = Transform3D(0.9997782, 0, -0.021059869, 0, 1, 0, 0.021059869, 0, 0.9997782, -68.618576, 0, -99.2265)
size = Vector3(1.6255131, 30, 0.5)
material = SubResource("StandardMaterial3D_ggy0p")

[node name="@CSGCombiner3D@59965" type="CSGCombiner3D" parent="Saved Nodes/@CSGCombiner3D@59953" unique_id=963107712]
script = ExtResource("9_yvdxd")

[node name="WallSimple" type="CSGBox3D" parent="Saved Nodes/@CSGCombiner3D@59953/@CSGCombiner3D@59965" unique_id=2121439993 instance=ExtResource("10_hxs8k")]
transform = Transform3D(0.9978608, 0, 0.06537505, 0, 1, 0, -0.06537505, 0, 0.9978608, -66.42319, 0, -99.29997)
size = Vector3(2.771554, 30, 0.5)
material = SubResource("StandardMaterial3D_ggy0p")

[node name="@CSGCombiner3D@59966" type="CSGCombiner3D" parent="Saved Nodes/@CSGCombiner3D@59953" unique_id=616584564]
script = ExtResource("9_yvdxd")

[node name="WallSimple" type="CSGBox3D" parent="Saved Nodes/@CSGCombiner3D@59953/@CSGCombiner3D@59966" unique_id=241278843 instance=ExtResource("10_hxs8k")]
transform = Transform3D(0.96159774, 0, -0.27446267, 0, 1, 0, 0.27446267, 0, 0.96159774, -62.873276, 0, -98.77203)
size = Vector3(4.507292, 30, 0.5)
material = SubResource("StandardMaterial3D_ggy0p")

[node name="@CSGCombiner3D@59967" type="CSGCombiner3D" parent="Saved Nodes/@CSGCombiner3D@59953" unique_id=1833258052]
script = ExtResource("9_yvdxd")

[node name="WallSimple" type="CSGBox3D" parent="Saved Nodes/@CSGCombiner3D@59953/@CSGCombiner3D@59967" unique_id=970069054 instance=ExtResource("10_hxs8k")]
transform = Transform3D(0.87916225, 0, 0.47652254, 0, 1, 0, -0.47652254, 0, 0.87916225, -57.30356, 0, -99.99777)
size = Vector3(7.7405796, 30, 0.5)
material = SubResource("StandardMaterial3D_ggy0p")

[node name="@CSGCombiner3D@59968" type="CSGCombiner3D" parent="Saved Nodes/@CSGCombiner3D@59953" unique_id=906663103]
script = ExtResource("9_yvdxd")

[node name="WallSimple" type="CSGBox3D" parent="Saved Nodes/@CSGCombiner3D@59953/@CSGCombiner3D@59968" unique_id=901486665 instance=ExtResource("10_hxs8k")]
transform = Transform3D(0.71835357, 0, -0.6956782, 0, 1, 0, 0.6956782, 0, 0.71835357, -51.938244, 0, -99.9413)
size = Vector3(5.46445, 30, 0.5)
material = SubResource("StandardMaterial3D_ggy0p")

[node name="@CSGCombiner3D@59969" type="CSGCombiner3D" parent="Saved Nodes/@CSGCombiner3D@59953" unique_id=516776990]
script = ExtResource("9_yvdxd")

[node name="WallSimple" type="CSGBox3D" parent="Saved Nodes/@CSGCombiner3D@59953/@CSGCombiner3D@59969" unique_id=996368770 instance=ExtResource("10_hxs8k")]
transform = Transform3D(0.34793916, 0, 0.9375171, 0, 1, 0, -0.9375171, 0, 0.34793916, -49.35217, 0, -99.720215)
size = Vector3(3.583219, 30, 0.5)
material = SubResource("StandardMaterial3D_ggy0p")

[node name="@CSGCombiner3D@59970" type="CSGCombiner3D" parent="Saved Nodes/@CSGCombiner3D@59953" unique_id=658973329]
script = ExtResource("9_yvdxd")

[node name="WallSimple" type="CSGBox3D" parent="Saved Nodes/@CSGCombiner3D@59953/@CSGCombiner3D@59970" unique_id=378614840 instance=ExtResource("10_hxs8k")]
transform = Transform3D(0.9995803, 0, 0.02896947, 0, 1, 0, -0.02896947, 0, 0.9995803, -46.331123, 0, -101.46937)
size = Vector3(4.7973623, 30, 0.5)
material = SubResource("StandardMaterial3D_ggy0p")

[node name="@CSGCombiner3D@59971" type="CSGCombiner3D" parent="Saved Nodes/@CSGCombiner3D@59953" unique_id=707170266]
script = ExtResource("9_yvdxd")

[node name="WallSimple" type="CSGBox3D" parent="Saved Nodes/@CSGCombiner3D@59953/@CSGCombiner3D@59971" unique_id=1789170076 instance=ExtResource("10_hxs8k")]
transform = Transform3D(0.99993753, 0, -0.011178023, 0, 1, 0, 0.011178023, 0, 0.99993753, -40.80047, 0, -101.50383)
size = Vector3(6.266356, 30, 0.5)
material = SubResource("StandardMaterial3D_ggy0p")

[node name="@CSGCombiner3D@59972" type="CSGCombiner3D" parent="Saved Nodes/@CSGCombiner3D@59953" unique_id=888533072]
script = ExtResource("9_yvdxd")

[node name="WallSimple" type="CSGBox3D" parent="Saved Nodes/@CSGCombiner3D@59953/@CSGCombiner3D@59972" unique_id=553440595 instance=ExtResource("10_hxs8k")]
transform = Transform3D(0.998722, 0, 0.050540123, 0, 1, 0, -0.050540123, 0, 0.998722, -36.817398, 0, -101.511826)
size = Vector3(1.7023442, 30, 0.5)
material = SubResource("StandardMaterial3D_ggy0p")

[node name="@CSGCombiner3D@59973" type="CSGCombiner3D" parent="Saved Nodes/@CSGCombiner3D@59953" unique_id=1219290670]
script = ExtResource("9_yvdxd")

[node name="WallSimple" type="CSGBox3D" parent="Saved Nodes/@CSGCombiner3D@59953/@CSGCombiner3D@59973" unique_id=595081735 instance=ExtResource("10_hxs8k")]
transform = Transform3D(0.9973194, 0, 0.07317098, 0, 1, 0, -0.07317098, 0, 0.9973194, -33.0182, 0, -101.77122)
size = Vector3(5.914083, 30, 0.5)
material = SubResource("StandardMaterial3D_ggy0p")

[node name="@CSGCombiner3D@59974" type="CSGCombiner3D" parent="Saved Nodes/@CSGCombiner3D@59953" unique_id=901642289]
script = ExtResource("9_yvdxd")

[node name="WallSimple" type="CSGBox3D" parent="Saved Nodes/@CSGCombiner3D@59953/@CSGCombiner3D@59974" unique_id=1540423585 instance=ExtResource("10_hxs8k")]
transform = Transform3D(0.898475, 0, -0.43902475, 0, 1, 0, 0.43902475, 0, 0.898475, -27.29283, 0, -100.63101)
size = Vector3(6.1799307, 30, 0.5)
material = SubResource("StandardMaterial3D_ggy0p")

[node name="@CSGCombiner3D@59975" type="CSGCombiner3D" parent="Saved Nodes/@CSGCombiner3D@59953" unique_id=496001522]
script = ExtResource("9_yvdxd")

[node name="WallSimple" type="CSGBox3D" parent="Saved Nodes/@CSGCombiner3D@59953/@CSGCombiner3D@59975" unique_id=382740140 instance=ExtResource("10_hxs8k")]
transform = Transform3D(0.9364027, 0, -0.35092738, 0, 1, 0, 0.35092738, 0, 0.9364027, -22.790417, 0, -98.62755)
size = Vector3(3.686782, 30, 0.5)
material = SubResource("StandardMaterial3D_ggy0p")

[node name="@CSGCombiner3D@59976" type="CSGCombiner3D" parent="Saved Nodes/@CSGCombiner3D@59953" unique_id=617333070]
script = ExtResource("9_yvdxd")

[node name="WallSimple" type="CSGBox3D" parent="Saved Nodes/@CSGCombiner3D@59953/@CSGCombiner3D@59976" unique_id=1345319079 instance=ExtResource("10_hxs8k")]
transform = Transform3D(0.9703735, 0, 0.24160974, 0, 1, 0, -0.24160974, 0, 0.9703735, -18.735727, 0, -98.560425)
size = Vector3(4.7992516, 30, 0.5)
material = SubResource("StandardMaterial3D_ggy0p")

[node name="@CSGCombiner3D@59977" type="CSGCombiner3D" parent="Saved Nodes/@CSGCombiner3D@59953" unique_id=2146057847]
script = ExtResource("9_yvdxd")

[node name="WallSimple" type="CSGBox3D" parent="Saved Nodes/@CSGCombiner3D@59953/@CSGCombiner3D@59977" unique_id=686718754 instance=ExtResource("10_hxs8k")]
transform = Transform3D(0.9069987, 0, 0.4211334, 0, 1, 0, -0.4211334, 0, 0.9069987, -15.025256, 0, -99.78185)
size = Vector3(3.0472765, 30, 0.5)
material = SubResource("StandardMaterial3D_ggy0p")

[node name="@CSGCombiner3D@59978" type="CSGCombiner3D" parent="Saved Nodes/@CSGCombiner3D@59953" unique_id=593216147]
script = ExtResource("9_yvdxd")

[node name="WallSimple" type="CSGBox3D" parent="Saved Nodes/@CSGCombiner3D@59953/@CSGCombiner3D@59978" unique_id=648676932 instance=ExtResource("10_hxs8k")]
transform = Transform3D(0.9714782, 0, -0.23712882, 0, 1, 0, 0.23712882, 0, 0.9714782, -11.3526, 0, -99.864365)
size = Vector3(4.7159433, 30, 0.5)
material = SubResource("StandardMaterial3D_ggy0p")

[node name="@CSGCombiner3D@59979" type="CSGCombiner3D" parent="Saved Nodes/@CSGCombiner3D@59953" unique_id=865265047]
script = ExtResource("9_yvdxd")

[node name="WallSimple" type="CSGBox3D" parent="Saved Nodes/@CSGCombiner3D@59953/@CSGCombiner3D@59979" unique_id=1488403619 instance=ExtResource("10_hxs8k")]
transform = Transform3D(0.99698263, 0, -0.077625126, 0, 1, 0, 0.077625126, 0, 0.99698263, -6.9680624, 0, -99.1422)
size = Vector3(4.2003126, 30, 0.5)
material = SubResource("StandardMaterial3D_ggy0p")

[node name="@CSGCombiner3D@59980" type="CSGCombiner3D" parent="Saved Nodes/@CSGCombiner3D@59953" unique_id=1431651091]
script = ExtResource("9_yvdxd")

[node name="WallSimple" type="CSGBox3D" parent="Saved Nodes/@CSGCombiner3D@59953/@CSGCombiner3D@59980" unique_id=770339306 instance=ExtResource("10_hxs8k")]
transform = Transform3D(0.9873744, 0, -0.15840366, 0, 1, 0, 0.15840366, 0, 0.9873744, -3.7391016, 0, -98.79706)
size = Vector3(2.2993133, 30, 0.5)
material = SubResource("StandardMaterial3D_ggy0p")

[node name="@CSGCombiner3D@59981" type="CSGCombiner3D" parent="Saved Nodes/@CSGCombiner3D@59953" unique_id=1179299570]
script = ExtResource("9_yvdxd")

[node name="WallSimple" type="CSGBox3D" parent="Saved Nodes/@CSGCombiner3D@59953/@CSGCombiner3D@59981" unique_id=628699812 instance=ExtResource("10_hxs8k")]
transform = Transform3D(0.9774855, 0, 0.2110028, 0, 1, 0, -0.2110028, 0, 0.9774855, -0.7796766, 0, -99.00874)
size = Vector3(3.7326047, 30, 0.5)
material = SubResource("StandardMaterial3D_ggy0p")

[node name="@CSGCombiner3D@59982" type="CSGCombiner3D" parent="Saved Nodes/@CSGCombiner3D@59953" unique_id=1087264327]
script = ExtResource("9_yvdxd")

[node name="WallSimple" type="CSGBox3D" parent="Saved Nodes/@CSGCombiner3D@59953/@CSGCombiner3D@59982" unique_id=1664610585 instance=ExtResource("10_hxs8k")]
transform = Transform3D(0.97927064, 0, 0.2025563, 0, 1, 0, -0.2025563, 0, 0.97927064, 3.7476516, 0, -99.961655)
size = Vector3(5.520527, 30, 0.5)
material = SubResource("StandardMaterial3D_ggy0p")

[node name="@CSGCombiner3D@59983" type="CSGCombiner3D" parent="Saved Nodes/@CSGCombiner3D@59953" unique_id=754684078]
script = ExtResource("9_yvdxd")

[node name="WallSimple" type="CSGBox3D" parent="Saved Nodes/@CSGCombiner3D@59953/@CSGCombiner3D@59983" unique_id=1694481998 instance=ExtResource("10_hxs8k")]
transform = Transform3D(0.999029, 0, 0.0440581, 0, 1, 0, -0.0440581, 0, 0.999029, 9.3276615, 0, -100.64764)
size = Vector3(5.7595234, 30, 0.5)
material = SubResource("StandardMaterial3D_ggy0p")

[node name="@CSGCombiner3D@59984" type="CSGCombiner3D" parent="Saved Nodes/@CSGCombiner3D@59953" unique_id=86421447]
script = ExtResource("9_yvdxd")

[node name="WallSimple" type="CSGBox3D" parent="Saved Nodes/@CSGCombiner3D@59953/@CSGCombiner3D@59984" unique_id=525659957 instance=ExtResource("10_hxs8k")]
transform = Transform3D(0.35230365, 0, 0.9358857, 0, 1, 0, -0.9358857, 0, 0.35230365, 12.343111, 0, -101.142395)
size = Vector3(0.78616, 30, 0.5)
material = SubResource("StandardMaterial3D_ggy0p")

[node name="@CSGCombiner3D@59985" type="CSGCombiner3D" parent="Saved Nodes/@CSGCombiner3D@59953" unique_id=1054405540]
script = ExtResource("9_yvdxd")

[node name="WallSimple" type="CSGBox3D" parent="Saved Nodes/@CSGCombiner3D@59953/@CSGCombiner3D@59985" unique_id=500086586 instance=ExtResource("10_hxs8k")]
transform = Transform3D(0.99992365, 0, 0.012358736, 0, 1, 0, -0.012358736, 0, 0.99992365, 15.458431, 0, -101.54706)
size = Vector3(5.954129, 30, 0.5)
material = SubResource("StandardMaterial3D_ggy0p")

[node name="@CSGCombiner3D@59986" type="CSGCombiner3D" parent="Saved Nodes/@CSGCombiner3D@59953" unique_id=1273997966]
script = ExtResource("9_yvdxd")

[node name="WallSimple" type="CSGBox3D" parent="Saved Nodes/@CSGCombiner3D@59953/@CSGCombiner3D@59986" unique_id=1469341854 instance=ExtResource("10_hxs8k")]
transform = Transform3D(0.7032058, 0, -0.7109863, 0, 1, 0, 0.7109863, 0, 0.7032058, 20.16269, 0, -99.837326)
size = Vector3(4.912985, 30, 0.5)
material = SubResource("StandardMaterial3D_ggy0p")

[node name="@CSGCombiner3D@59987" type="CSGCombiner3D" parent="Saved Nodes/@CSGCombiner3D@59953" unique_id=1368388466]
script = ExtResource("9_yvdxd")

[node name="WallSimple" type="CSGBox3D" parent="Saved Nodes/@CSGCombiner3D@59953/@CSGCombiner3D@59987" unique_id=664782204 instance=ExtResource("10_hxs8k")]
transform = Transform3D(0.99385864, 0, 0.11065738, 0, 1, 0, -0.11065738, 0, 0.99385864, 23.466301, 0, -98.26628)
size = Vector3(3.1718652, 30, 0.5)
material = SubResource("StandardMaterial3D_ggy0p")

[node name="@CSGCombiner3D@59988" type="CSGCombiner3D" parent="Saved Nodes/@CSGCombiner3D@59953" unique_id=163819568]
script = ExtResource("9_yvdxd")

[node name="WallSimple" type="CSGBox3D" parent="Saved Nodes/@CSGCombiner3D@59953/@CSGCombiner3D@59988" unique_id=1784501709 instance=ExtResource("10_hxs8k")]
transform = Transform3D(0.969267, 0, 0.24601114, 0, 1, 0, -0.24601114, 0, 0.969267, 28.408293, 0, -99.29606)
size = Vector3(6.9450397, 30, 0.5)
material = SubResource("StandardMaterial3D_ggy0p")

[node name="@CSGCombiner3D@59989" type="CSGCombiner3D" parent="Saved Nodes/@CSGCombiner3D@59953" unique_id=377547903]
script = ExtResource("9_yvdxd")

[node name="WallSimple" type="CSGBox3D" parent="Saved Nodes/@CSGCombiner3D@59953/@CSGCombiner3D@59989" unique_id=1153306710 instance=ExtResource("10_hxs8k")]
transform = Transform3D(0.9170719, 0, -0.3987219, 0, 1, 0, 0.3987219, 0, 0.9170719, 33.85257, 0, -99.24666)
size = Vector3(4.532859, 30, 0.5)
material = SubResource("StandardMaterial3D_ggy0p")

[node name="@CSGCombiner3D@59990" type="CSGCombiner3D" parent="Saved Nodes/@CSGCombiner3D@59953" unique_id=1409215217]
script = ExtResource("9_yvdxd")

[node name="WallSimple" type="CSGBox3D" parent="Saved Nodes/@CSGCombiner3D@59953/@CSGCombiner3D@59990" unique_id=941074948 instance=ExtResource("10_hxs8k")]
transform = Transform3D(0.99834156, 0, 0.0575689, 0, 1, 0, -0.0575689, 0, 0.99834156, 36.86348, 0, -98.39676)
size = Vector3(1.8679584, 30, 0.5)
material = SubResource("StandardMaterial3D_ggy0p")

[node name="@CSGCombiner3D@59991" type="CSGCombiner3D" parent="Saved Nodes/@CSGCombiner3D@59953" unique_id=1738992342]
script = ExtResource("9_yvdxd")

[node name="WallSimple" type="CSGBox3D" parent="Saved Nodes/@CSGCombiner3D@59953/@CSGCombiner3D@59991" unique_id=1253757138 instance=ExtResource("10_hxs8k")]
transform = Transform3D(0.8580059, 0, 0.5136398, 0, 1, 0, -0.5136398, 0, 0.8580059, 39.626366, 0, -99.54631)
size = Vector3(4.2667675, 30, 0.5)
material = SubResource("StandardMaterial3D_ggy0p")

[node name="@CSGCombiner3D@59992" type="CSGCombiner3D" parent="Saved Nodes/@CSGCombiner3D@59953" unique_id=1534438539]
script = ExtResource("9_yvdxd")

[node name="WallSimple" type="CSGBox3D" parent="Saved Nodes/@CSGCombiner3D@59953/@CSGCombiner3D@59992" unique_id=1331904568 instance=ExtResource("10_hxs8k")]
transform = Transform3D(0.9848469, 0, -0.17342614, 0, 1, 0, 0.17342614, 0, 0.9848469, 45.02921, 0, -100.01303)
size = Vector3(7.254707, 30, 0.5)
material = SubResource("StandardMaterial3D_ggy0p")

[node name="@CSGCombiner3D@59993" type="CSGCombiner3D" parent="Saved Nodes/@CSGCombiner3D@59953" unique_id=721051573]
script = ExtResource("9_yvdxd")

[node name="WallSimple" type="CSGBox3D" parent="Saved Nodes/@CSGCombiner3D@59953/@CSGCombiner3D@59993" unique_id=372886508 instance=ExtResource("10_hxs8k")]
transform = Transform3D(0.9830127, 0, -0.1835376, 0, 1, 0, 0.1835376, 0, 0.9830127, 49.923496, 0, -99.13714)
size = Vector3(2.689486, 30, 0.5)
material = SubResource("StandardMaterial3D_ggy0p")

[node name="@CSGCombiner3D@59994" type="CSGCombiner3D" parent="Saved Nodes/@CSGCombiner3D@59953" unique_id=1975144437]
script = ExtResource("9_yvdxd")

[node name="WallSimple" type="CSGBox3D" parent="Saved Nodes/@CSGCombiner3D@59953/@CSGCombiner3D@59994" unique_id=797379809 instance=ExtResource("10_hxs8k")]
transform = Transform3D(0.99988425, 0, 0.015214659, 0, 1, 0, -0.015214659, 0, 0.99988425, 53.120354, 0, -98.91885)
size = Vector3(3.7503464, 30, 0.5)
material = SubResource("StandardMaterial3D_ggy0p")

[node name="@CSGCombiner3D@59995" type="CSGCombiner3D" parent="Saved Nodes/@CSGCombiner3D@59953" unique_id=222905399]
script = ExtResource("9_yvdxd")

[node name="WallSimple" type="CSGBox3D" parent="Saved Nodes/@CSGCombiner3D@59953/@CSGCombiner3D@59995" unique_id=803555905 instance=ExtResource("10_hxs8k")]
transform = Transform3D(0.9828893, 0, 0.18419729, 0, 1, 0, -0.18419729, 0, 0.9828893, 57.109062, 0, -99.34351)
size = Vector3(4.3011036, 30, 0.5)
material = SubResource("StandardMaterial3D_ggy0p")

[node name="@CSGCombiner3D@59996" type="CSGCombiner3D" parent="Saved Nodes/@CSGCombiner3D@59953" unique_id=848324458]
script = ExtResource("9_yvdxd")

[node name="WallSimple" type="CSGBox3D" parent="Saved Nodes/@CSGCombiner3D@59953/@CSGCombiner3D@59996" unique_id=279583680 instance=ExtResource("10_hxs8k")]
transform = Transform3D(0.8575587, 0, 0.51438606, 0, 1, 0, -0.51438606, 0, 0.8575587, 60.27141, 0, -100.368614)
size = Vector3(2.4455361, 30, 0.5)
material = SubResource("StandardMaterial3D_ggy0p")

[node name="@CSGCombiner3D@59997" type="CSGCombiner3D" parent="Saved Nodes/@CSGCombiner3D@59953" unique_id=2054924835]
script = ExtResource("9_yvdxd")

[node name="WallSimple" type="CSGBox3D" parent="Saved Nodes/@CSGCombiner3D@59953/@CSGCombiner3D@59997" unique_id=182034509 instance=ExtResource("10_hxs8k")]
transform = Transform3D(0.9673576, 0, -0.25341535, 0, 1, 0, 0.25341535, 0, 0.9673576, 65.170944, 0, -99.98877)
size = Vector3(7.961757, 30, 0.5)
material = SubResource("StandardMaterial3D_ggy0p")

[node name="@CSGCombiner3D@59998" type="CSGCombiner3D" parent="Saved Nodes/@CSGCombiner3D@59953" unique_id=1358337026]
script = ExtResource("9_yvdxd")

[node name="WallSimple" type="CSGBox3D" parent="Saved Nodes/@CSGCombiner3D@59953/@CSGCombiner3D@59998" unique_id=957054858 instance=ExtResource("10_hxs8k")]
transform = Transform3D(0.99993116, 0, -0.011733469, 0, 1, 0, 0.011733469, 0, 0.99993116, 70.868385, 0, -98.95829)
size = Vector3(3.6932778, 30, 0.5)
material = SubResource("StandardMaterial3D_ggy0p")

[node name="@CSGCombiner3D@59999" type="CSGCombiner3D" parent="Saved Nodes/@CSGCombiner3D@59953" unique_id=88520115]
script = ExtResource("9_yvdxd")

[node name="WallSimple" type="CSGBox3D" parent="Saved Nodes/@CSGCombiner3D@59953/@CSGCombiner3D@59999" unique_id=1730391735 instance=ExtResource("10_hxs8k")]
transform = Transform3D(0.98817414, 0, 0.15333584, 0, 1, 0, -0.15333584, 0, 0.98817414, 74.75236, 0, -99.25278)
size = Vector3(4.123687, 30, 0.5)
material = SubResource("StandardMaterial3D_ggy0p")

[node name="@CSGCombiner3D@60000" type="CSGCombiner3D" parent="Saved Nodes/@CSGCombiner3D@59953" unique_id=1180536488]
script = ExtResource("9_yvdxd")

[node name="WallSimple" type="CSGBox3D" parent="Saved Nodes/@CSGCombiner3D@59953/@CSGCombiner3D@60000" unique_id=1580508242 instance=ExtResource("10_hxs8k")]
transform = Transform3D(0.99946046, 0, -0.032845266, 0, 1, 0, 0.032845266, 0, 0.99946046, 77.673874, 0, -99.53988)
size = Vector3(1.7690667, 30, 0.5)
material = SubResource("StandardMaterial3D_ggy0p")

[node name="@CSGCombiner3D@60001" type="CSGCombiner3D" parent="Saved Nodes/@CSGCombiner3D@59953" unique_id=1259875206]
script = ExtResource("9_yvdxd")

[node name="WallSimple" type="CSGBox3D" parent="Saved Nodes/@CSGCombiner3D@59953/@CSGCombiner3D@60001" unique_id=1863686175 instance=ExtResource("10_hxs8k")]
transform = Transform3D(0.9487221, 0, -0.31611127, 0, 1, 0, 0.31611127, 0, 0.9487221, 80.422066, 0, -98.8897)
size = Vector3(3.9297824, 30, 0.5)
material = SubResource("StandardMaterial3D_ggy0p")

[node name="@CSGCombiner3D@60002" type="CSGCombiner3D" parent="Saved Nodes/@CSGCombiner3D@59953" unique_id=1570412711]
script = ExtResource("9_yvdxd")

[node name="WallSimple" type="CSGBox3D" parent="Saved Nodes/@CSGCombiner3D@59953/@CSGCombiner3D@60002" unique_id=1219234871 instance=ExtResource("10_hxs8k")]
transform = Transform3D(0.9955938, 0, 0.09377109, 0, 1, 0, -0.09377109, 0, 0.9955938, 84.15402, 0, -98.4445)
size = Vector3(3.7521667, 30, 0.5)
material = SubResource("StandardMaterial3D_ggy0p")

[node name="@CSGCombiner3D@60003" type="CSGCombiner3D" parent="Saved Nodes/@CSGCombiner3D@59953" unique_id=1475203788]
script = ExtResource("9_yvdxd")

[node name="WallSimple" type="CSGBox3D" parent="Saved Nodes/@CSGCombiner3D@59953/@CSGCombiner3D@60003" unique_id=901950231 instance=ExtResource("10_hxs8k")]
transform = Transform3D(0.9746942, 0, 0.22354254, 0, 1, 0, -0.22354254, 0, 0.9746942, 88.78053, 0, -99.25312)
size = Vector3(5.6606503, 30, 0.5)
material = SubResource("StandardMaterial3D_ggy0p")

[node name="@CSGCombiner3D@60004" type="CSGCombiner3D" parent="Saved Nodes/@CSGCombiner3D@59953" unique_id=1636981921]
script = ExtResource("9_yvdxd")

[node name="WallSimple" type="CSGBox3D" parent="Saved Nodes/@CSGCombiner3D@59953/@CSGCombiner3D@60004" unique_id=608592316 instance=ExtResource("10_hxs8k")]
transform = Transform3D(0.9891835, 0, 0.14668356, 0, 1, 0, -0.14668356, 0, 0.9891835, 94.44768, 0, -100.31711)
size = Vector3(5.8804936, 30, 0.5)
material = SubResource("StandardMaterial3D_ggy0p")

[node name="@CSGCombiner3D@60005" type="CSGCombiner3D" parent="Saved Nodes/@CSGCombiner3D@59953" unique_id=728669267]
script = ExtResource("9_yvdxd")

[node name="WallSimple" type="CSGBox3D" parent="Saved Nodes/@CSGCombiner3D@59953/@CSGCombiner3D@60005" unique_id=730417184 instance=ExtResource("10_hxs8k")]
transform = Transform3D(0.97917455, 0, -0.20302011, 0, 1, 0, 0.20302011, 0, 0.97917455, 98.21129, 0, -100.57108)
size = Vector3(1.7466952, 30, 0.5)
material = SubResource("StandardMaterial3D_ggy0p")

[node name="@CSGCombiner3D@60006" type="CSGCombiner3D" parent="Saved Nodes/@CSGCombiner3D@59953" unique_id=982608782]
script = ExtResource("9_yvdxd")

[node name="WallSimple" type="CSGBox3D" parent="Saved Nodes/@CSGCombiner3D@59953/@CSGCombiner3D@60006" unique_id=223020614 instance=ExtResource("10_hxs8k")]
transform = Transform3D(0.99297005, 0, 0.11836608, 0, 1, 0, -0.11836608, 0, 0.99297005, -44.379868, 0, -92.528564)
size = Vector3(2.760518, 30, 0.5)
material = SubResource("StandardMaterial3D_ggy0p")

[node name="@CSGCombiner3D@60007" type="CSGCombiner3D" parent="Saved Nodes/@CSGCombiner3D@59953" unique_id=340261685]
script = ExtResource("9_yvdxd")

[node name="WallSimple" type="CSGBox3D" parent="Saved Nodes/@CSGCombiner3D@59953/@CSGCombiner3D@60007" unique_id=518620867 instance=ExtResource("10_hxs8k")]
transform = Transform3D(0.9876539, 0, -0.15665168, 0, 1, 0, 0.15665168, 0, 0.9876539, -45.6259, 0, -76.6536)
size = Vector3(5.6320066, 30, 0.5)
material = SubResource("StandardMaterial3D_ggy0p")

[node name="@CSGCombiner3D@60008" type="CSGCombiner3D" parent="Saved Nodes/@CSGCombiner3D@59953" unique_id=33779193]
script = ExtResource("9_yvdxd")

[node name="WallSimple" type="CSGBox3D" parent="Saved Nodes/@CSGCombiner3D@59953/@CSGCombiner3D@60008" unique_id=414534676 instance=ExtResource("10_hxs8k")]
transform = Transform3D(0.99859756, 0, -0.05294233, 0, 1, 0, 0.05294233, 0, 0.99859756, -94.45052, 0, -70.65427)
size = Vector3(3.3904207, 30, 0.5)
material = SubResource("StandardMaterial3D_ggy0p")

[node name="@CSGCombiner3D@60009" type="CSGCombiner3D" parent="Saved Nodes/@CSGCombiner3D@59953" unique_id=1103867950]
script = ExtResource("9_yvdxd")

[node name="WallSimple" type="CSGBox3D" parent="Saved Nodes/@CSGCombiner3D@59953/@CSGCombiner3D@60009" unique_id=1832530378 instance=ExtResource("10_hxs8k")]
transform = Transform3D(0.99705225, 0, -0.07672537, 0, 1, 0, 0.07672537, 0, 0.99705225, -90.4906, 0, -70.39006)
size = Vector3(4.5475845, 30, 0.5)
material = SubResource("StandardMaterial3D_ggy0p")

[node name="@CSGCombiner3D@60010" type="CSGCombiner3D" parent="Saved Nodes/@CSGCombiner3D@59953" unique_id=1147119957]
script = ExtResource("9_yvdxd")

[node name="WallSimple" type="CSGBox3D" parent="Saved Nodes/@CSGCombiner3D@59953/@CSGCombiner3D@60010" unique_id=1824343570 instance=ExtResource("10_hxs8k")]
transform = Transform3D(0.9172004, 0, 0.39842618, 0, 1, 0, -0.39842618, 0, 0.9172004, -85.33491, 0, -71.4704)
size = Vector3(6.2987394, 30, 0.5)
material = SubResource("StandardMaterial3D_ggy0p")

[node name="@CSGCombiner3D@60011" type="CSGCombiner3D" parent="Saved Nodes/@CSGCombiner3D@59953" unique_id=1158117704]
script = ExtResource("9_yvdxd")

[node name="WallSimple" type="CSGBox3D" parent="Saved Nodes/@CSGCombiner3D@59953/@CSGCombiner3D@60011" unique_id=80181042 instance=ExtResource("10_hxs8k")]
transform = Transform3D(0.98908603, 0, -0.14733912, 0, 1, 0, 0.14733912, 0, 0.98908603, -69.31263, 0, -65.87578)
size = Vector3(3.1693714, 30, 0.5)
material = SubResource("StandardMaterial3D_ggy0p")

[node name="@CSGCombiner3D@60012" type="CSGCombiner3D" parent="Saved Nodes/@CSGCombiner3D@59953" unique_id=1828784671]
script = ExtResource("9_yvdxd")

[node name="WallSimple" type="CSGBox3D" parent="Saved Nodes/@CSGCombiner3D@59953/@CSGCombiner3D@60012" unique_id=2031419222 instance=ExtResource("10_hxs8k")]
transform = Transform3D(0.83752316, 0, 0.5464018, 0, 1, 0, -0.5464018, 0, 0.83752316, -61.98018, 0, -63.172478)
size = Vector3(4.109087, 30, 0.5)
material = SubResource("StandardMaterial3D_ggy0p")

[node name="@CSGCombiner3D@60013" type="CSGCombiner3D" parent="Saved Nodes/@CSGCombiner3D@59953" unique_id=420699450]
script = ExtResource("9_yvdxd")

[node name="WallSimple" type="CSGBox3D" parent="Saved Nodes/@CSGCombiner3D@59953/@CSGCombiner3D@60013" unique_id=706863086 instance=ExtResource("10_hxs8k")]
transform = Transform3D(0.9260987, 0, -0.3772813, 0, 1, 0, 0.3772813, 0, 0.9260987, -36.21888, 0, -59.845955)
size = Vector3(4.9787245, 30, 0.5)
material = SubResource("StandardMaterial3D_ggy0p")

[node name="@CSGCombiner3D@60014" type="CSGCombiner3D" parent="Saved Nodes/@CSGCombiner3D@59953" unique_id=1869423045]
script = ExtResource("9_yvdxd")

[node name="WallSimple" type="CSGBox3D" parent="Saved Nodes/@CSGCombiner3D@59953/@CSGCombiner3D@60014" unique_id=952517969 instance=ExtResource("10_hxs8k")]
transform = Transform3D(0.75797457, 0, 0.6522841, 0, 1, 0, -0.6522841, 0, 0.75797457, -32.793224, 0, -59.87082)
size = Vector3(2.9559333, 30, 0.5)
material = SubResource("StandardMaterial3D_ggy0p")

[node name="@CSGCombiner3D@60015" type="CSGCombiner3D" parent="Saved Nodes/@CSGCombiner3D@59953" unique_id=1396071962]
script = ExtResource("9_yvdxd")

[node name="WallSimple" type="CSGBox3D" parent="Saved Nodes/@CSGCombiner3D@59953/@CSGCombiner3D@60015" unique_id=1740329623 instance=ExtResource("10_hxs8k")]
transform = Transform3D(0.9810263, 0, 0.19387466, 0, 1, 0, -0.19387466, 0, 0.9810263, -53.021408, 0, -49.95707)
size = Vector3(2.6725457, 30, 0.5)
material = SubResource("StandardMaterial3D_ggy0p")

[node name="@CSGCombiner3D@60016" type="CSGCombiner3D" parent="Saved Nodes/@CSGCombiner3D@59953" unique_id=1041989386]
script = ExtResource("9_yvdxd")

[node name="WallSimple" type="CSGBox3D" parent="Saved Nodes/@CSGCombiner3D@59953/@CSGCombiner3D@60016" unique_id=1735232502 instance=ExtResource("10_hxs8k")]
transform = Transform3D(0.9821606, 0, -0.18804373, 0, 1, 0, 0.18804373, 0, 0.9821606, -20.125896, 0, -50.295273)
size = Vector3(6.576084, 30, 0.5)
material = SubResource("StandardMaterial3D_ggy0p")

[node name="@CSGCombiner3D@60017" type="CSGCombiner3D" parent="Saved Nodes/@CSGCombiner3D@59953" unique_id=1483217219]
script = ExtResource("9_yvdxd")

[node name="WallSimple" type="CSGBox3D" parent="Saved Nodes/@CSGCombiner3D@59953/@CSGCombiner3D@60017" unique_id=497405360 instance=ExtResource("10_hxs8k")]
transform = Transform3D(0.90079087, 0, 0.4342532, 0, 1, 0, -0.4342532, 0, 0.90079087, -15.369215, 0, -50.413258)
size = Vector3(3.3910105, 30, 0.5)
material = SubResource("StandardMaterial3D_ggy0p")

[node name="@CSGCombiner3D@60018" type="CSGCombiner3D" parent="Saved Nodes/@CSGCombiner3D@59953" unique_id=1761359578]
script = ExtResource("9_yvdxd")

[node name="WallSimple" type="CSGBox3D" parent="Saved Nodes/@CSGCombiner3D@59953/@CSGCombiner3D@60018" unique_id=463034615 instance=ExtResource("10_hxs8k")]
transform = Transform3D(0.91602594, 0, -0.40111902, 0, 1, 0, 0.40111902, 0, 0.91602594, -3.071527, 0, -42.260452)
size = Vector3(5.6419754, 30, 0.5)
material = SubResource("StandardMaterial3D_ggy0p")

[node name="@CSGCombiner3D@60019" type="CSGCombiner3D" parent="Saved Nodes/@CSGCombiner3D@59953" unique_id=2081866250]
script = ExtResource("9_yvdxd")

[node name="WallSimple" type="CSGBox3D" parent="Saved Nodes/@CSGCombiner3D@59953/@CSGCombiner3D@60019" unique_id=528713470 instance=ExtResource("10_hxs8k")]
transform = Transform3D(0.977452, 0, 0.21115777, 0, 1, 0, -0.21115777, 0, 0.977452, 8.123482, 0, -36.235382)
size = Vector3(3.7739272, 30, 0.5)
material = SubResource("StandardMaterial3D_ggy0p")

[node name="@CSGCombiner3D@60020" type="CSGCombiner3D" parent="Saved Nodes/@CSGCombiner3D@59953" unique_id=1114527694]
script = ExtResource("9_yvdxd")

[node name="WallSimple" type="CSGBox3D" parent="Saved Nodes/@CSGCombiner3D@59953/@CSGCombiner3D@60020" unique_id=1961007708 instance=ExtResource("10_hxs8k")]
transform = Transform3D(0.99966305, 0, 0.025958195, 0, 1, 0, -0.025958195, 0, 0.99966305, 21.041386, 0, -32.14141)
size = Vector3(6.579488, 30, 0.5)
material = SubResource("StandardMaterial3D_ggy0p")

[node name="@CSGCombiner3D@60021" type="CSGCombiner3D" parent="Saved Nodes/@CSGCombiner3D@59953" unique_id=400034597]
script = ExtResource("9_yvdxd")

[node name="WallSimple" type="CSGBox3D" parent="Saved Nodes/@CSGCombiner3D@59953/@CSGCombiner3D@60021" unique_id=844460134 instance=ExtResource("10_hxs8k")]
transform = Transform3D(0.99782443, 0, 0.065927155, 0, 1, 0, -0.065927155, 0, 0.99782443, 28.00087, 0, -26.208408)
size = Vector3(6.5601687, 30, 0.5)
material = SubResource("StandardMaterial3D_ggy0p")

[node name="@CSGCombiner3D@60022" type="CSGCombiner3D" parent="Saved Nodes/@CSGCombiner3D@59953" unique_id=1860781137]
script = ExtResource("9_yvdxd")

[node name="WallSimple" type="CSGBox3D" parent="Saved Nodes/@CSGCombiner3D@59953/@CSGCombiner3D@60022" unique_id=528075040 instance=ExtResource("10_hxs8k")]
transform = Transform3D(0.9994381, 0, -0.033518482, 0, 1, 0, 0.033518482, 0, 0.9994381, 33.92393, 0, -26.335777)
size = Vector3(5.303204, 30, 0.5)
material = SubResource("StandardMaterial3D_ggy0p")

[node name="@CSGCombiner3D@60023" type="CSGCombiner3D" parent="Saved Nodes/@CSGCombiner3D@59953" unique_id=206850206]
script = ExtResource("9_yvdxd")

[node name="WallSimple" type="CSGBox3D" parent="Saved Nodes/@CSGCombiner3D@59953/@CSGCombiner3D@60023" unique_id=1754397973 instance=ExtResource("10_hxs8k")]
transform = Transform3D(0.6491302, 0, -0.7606773, 0, 1, 0, 0.7606773, 0, 0.6491302, 36.819046, 0, -23.794323)
size = Vector3(1.4447162, 30, 0.5)
material = SubResource("StandardMaterial3D_ggy0p")

[node name="@CSGCombiner3D@60024" type="CSGCombiner3D" parent="Saved Nodes/@CSGCombiner3D@59953" unique_id=650860040]
script = ExtResource("9_yvdxd")

[node name="WallSimple" type="CSGBox3D" parent="Saved Nodes/@CSGCombiner3D@59953/@CSGCombiner3D@60024" unique_id=181569158 instance=ExtResource("10_hxs8k")]
transform = Transform3D(0.97021276, 0, 0.24225432, 0, 1, 0, -0.24225432, 0, 0.97021276, -45.210793, 0, -17.271318)
size = Vector3(3.627984, 30, 0.5)
material = SubResource("StandardMaterial3D_ggy0p")

[node name="@CSGCombiner3D@60025" type="CSGCombiner3D" parent="Saved Nodes/@CSGCombiner3D@59953" unique_id=2116232747]
script = ExtResource("9_yvdxd")

[node name="WallSimple" type="CSGBox3D" parent="Saved Nodes/@CSGCombiner3D@59953/@CSGCombiner3D@60025" unique_id=437951449 instance=ExtResource("10_hxs8k")]
transform = Transform3D(0.9662833, 0, -0.25748125, 0, 1, 0, 0.25748125, 0, 0.9662833, 44.99671, 0, -13.467336)
size = Vector3(6.011941, 30, 0.5)
material = SubResource("StandardMaterial3D_ggy0p")

[node name="@CSGCombiner3D@60026" type="CSGCombiner3D" parent="Saved Nodes/@CSGCombiner3D@59953" unique_id=1174970397]
script = ExtResource("9_yvdxd")

[node name="WallSimple" type="CSGBox3D" parent="Saved Nodes/@CSGCombiner3D@59953/@CSGCombiner3D@60026" unique_id=96093035 instance=ExtResource("10_hxs8k")]
