[gd_scene format=3 uid="uid://bwsmrxn17dwr2"]

[ext_resource type="Script" uid="uid://jxclon2ygver" path="res://shared/biome_generator/generator/plants_walls_generator.gd" id="1_t8ucm"]
[ext_resource type="Script" uid="uid://bkroq7y6mcrv6" path="res://shared/biome_generator/generator/points_generator.gd" id="2_pk6b2"]
[ext_resource type="Script" uid="uid://cdjvn3r142ase" path="res://shared/biome_generator/generator/triangle_generator.gd" id="3_d06r1"]
[ext_resource type="Script" uid="uid://cle703ysgd1ey" path="res://shared/biome_generator/generator/biome_generator.gd" id="4_pk6b2"]
[ext_resource type="Script" uid="uid://40evsrc1ymef" path="res://shared/biome_generator/generator/walls_generator.gd" id="5_pjyol"]
[ext_resource type="Script" uid="uid://8cy5tgafubbm" path="res://shared/biome_generator/generator/passages_generator.gd" id="6_2c18v"]
[ext_resource type="Script" uid="uid://ccn212sobnkhi" path="res://shared/biome_generator/wall/walls_combiner.gd" id="7_2c18v"]
[ext_resource type="Script" uid="uid://bc6sdwcbq3i2l" path="res://shared/biome_generator/biome.gd" id="7_n8y37"]
[ext_resource type="Script" uid="uid://rd5ibb702lcp" path="res://shared/biome_generator/wall/passage_line.gd" id="9_bqtct"]
[ext_resource type="Script" uid="uid://bks3clvov8dgh" path="res://shared/biome_generator/wall/biome_wall.gd" id="9_yvdxd"]
[ext_resource type="PackedScene" uid="uid://diqs35d18iqxr" path="res://shared/biome_generator/wall/wall_simple.tscn" id="10_hxs8k"]
[ext_resource type="Script" uid="uid://e3gcoopho4a1" path="res://shared/biome_generator/wall/biome_passage.gd" id="10_rvrui"]
[ext_resource type="PackedScene" uid="uid://b66tnl8clprem" path="res://shared/biome_generator/wall/biome_passage.tscn" id="12_hxs8k"]

[sub_resource type="StandardMaterial3D" id="StandardMaterial3D_15o0u"]
albedo_color = Color(0, 0.64705884, 0, 1)

[sub_resource type="StandardMaterial3D" id="StandardMaterial3D_66na4"]
albedo_color = Color(1, 0, 0, 1)

[node name="Plants Walls Generator" type="Node3D" unique_id=1762565553 node_paths=PackedStringArray("saved_nodes_node", "walls_combiner", "points_generator", "triangle_generator", "biome_generator", "walls_generator", "passage_generator")]
script = ExtResource("1_t8ucm")
saved_nodes_node = NodePath("Saved Nodes")
walls_combiner = NodePath("Saved Nodes/@CSGCombiner3D@39385")
points_generator = NodePath("SubGenerators/Points Generator")
triangle_generator = NodePath("SubGenerators/Triangle Generator")
biome_generator = NodePath("SubGenerators/Biome Generator")
walls_generator = NodePath("SubGenerators/Walls Generator")
passage_generator = NodePath("SubGenerators/Passages Generator")
custom_seed = 1511473747

[node name="SubGenerators" type="Node3D" parent="." unique_id=386254087]

[node name="Points Generator" type="Node3D" parent="SubGenerators" unique_id=368838986 node_paths=PackedStringArray("generator_main")]
script = ExtResource("2_pk6b2")
generator_main = NodePath("../..")

[node name="Triangle Generator" type="Node3D" parent="SubGenerators" unique_id=1061795928 node_paths=PackedStringArray("generator_main")]
script = ExtResource("3_d06r1")
generator_main = NodePath("../..")

[node name="Biome Generator" type="Node3D" parent="SubGenerators" unique_id=1275106298 node_paths=PackedStringArray("generator_main", "biomes_parent")]
script = ExtResource("4_pk6b2")
generator_main = NodePath("../..")
biomes_parent = NodePath("../../Saved Nodes/Biomes")

[node name="Walls Generator" type="Node3D" parent="SubGenerators" unique_id=1745822719 node_paths=PackedStringArray("generator_main")]
script = ExtResource("5_pjyol")
generator_main = NodePath("../..")

[node name="Passages Generator" type="Node3D" parent="SubGenerators" unique_id=753269181 node_paths=PackedStringArray("generator_main")]
script = ExtResource("6_2c18v")
generator_main = NodePath("../..")

[node name="Saved Nodes" type="Node3D" parent="." unique_id=1491228548]

[node name="Biomes" type="Node3D" parent="Saved Nodes" unique_id=480014983]

[node name="biome1" type="Node" parent="Saved Nodes/Biomes" unique_id=1573481067]
script = ExtResource("7_n8y37")

[node name="biome2" type="Node" parent="Saved Nodes/Biomes" unique_id=302591944]
script = ExtResource("7_n8y37")

[node name="biome3" type="Node" parent="Saved Nodes/Biomes" unique_id=895478510]
script = ExtResource("7_n8y37")

[node name="@CSGCombiner3D@39385" type="CSGCombiner3D" parent="Saved Nodes" unique_id=1700804900]
use_collision = true
script = ExtResource("7_2c18v")

[node name="@CSGCombiner3D@39389" type="CSGCombiner3D" parent="Saved Nodes/@CSGCombiner3D@39385" unique_id=2055561756]
script = ExtResource("9_yvdxd")

[node name="WallSimple" type="CSGBox3D" parent="Saved Nodes/@CSGCombiner3D@39385/@CSGCombiner3D@39389" unique_id=514626851 instance=ExtResource("10_hxs8k")]
transform = Transform3D(0.66184497, 0, 0.74964076, 0, 1, 0, -0.74964076, 0, 0.66184497, -96.79521, 0, -100.522415)
size = Vector3(3.9476612, 30, 0.5)
material = SubResource("StandardMaterial3D_15o0u")

[node name="@CSGCombiner3D@39390" type="CSGCombiner3D" parent="Saved Nodes/@CSGCombiner3D@39385" unique_id=673012315]
script = ExtResource("9_yvdxd")

[node name="WallSimple" type="CSGBox3D" parent="Saved Nodes/@CSGCombiner3D@39385/@CSGCombiner3D@39390" unique_id=1966810998 instance=ExtResource("10_hxs8k")]
transform = Transform3D(0.9973983, 0, -0.07208768, 0, 1, 0, 0.07208768, 0, 0.9973983, -94.2293, 0, -101.91104)
size = Vector3(2.5256445, 30, 0.5)
material = SubResource("StandardMaterial3D_15o0u")

[node name="@CSGCombiner3D@39391" type="CSGCombiner3D" parent="Saved Nodes/@CSGCombiner3D@39385" unique_id=1096422567]
script = ExtResource("9_yvdxd")

[node name="WallSimple" type="CSGBox3D" parent="Saved Nodes/@CSGCombiner3D@39385/@CSGCombiner3D@39391" unique_id=1573811884 instance=ExtResource("10_hxs8k")]
transform = Transform3D(0.93709713, 0, -0.34906864, 0, 1, 0, 0.34906864, 0, 0.93709713, -89.69646, 0, -100.6007)
size = Vector3(6.9860587, 30, 0.5)
material = SubResource("StandardMaterial3D_15o0u")

[node name="@CSGCombiner3D@39392" type="CSGCombiner3D" parent="Saved Nodes/@CSGCombiner3D@39385" unique_id=1669068595]
script = ExtResource("9_yvdxd")

[node name="WallSimple" type="CSGBox3D" parent="Saved Nodes/@CSGCombiner3D@39385/@CSGCombiner3D@39392" unique_id=1357444586 instance=ExtResource("10_hxs8k")]
transform = Transform3D(0.9206218, 0, 0.39045542, 0, 1, 0, -0.39045542, 0, 0.9206218, -84.99133, 0, -99.98866)
size = Vector3(3.1105494, 30, 0.5)
material = SubResource("StandardMaterial3D_15o0u")

[node name="@CSGCombiner3D@39393" type="CSGCombiner3D" parent="Saved Nodes/@CSGCombiner3D@39385" unique_id=986242205]
script = ExtResource("9_yvdxd")

[node name="WallSimple" type="CSGBox3D" parent="Saved Nodes/@CSGCombiner3D@39385/@CSGCombiner3D@39393" unique_id=1798633338 instance=ExtResource("10_hxs8k")]
transform = Transform3D(0.9987792, 0, 0.04939803, 0, 1, 0, -0.04939803, 0, 0.9987792, -80.757935, 0, -100.73448)
size = Vector3(5.6099906, 30, 0.5)
material = SubResource("StandardMaterial3D_15o0u")

[node name="@CSGCombiner3D@39394" type="CSGCombiner3D" parent="Saved Nodes/@CSGCombiner3D@39385" unique_id=953047518]
script = ExtResource("9_yvdxd")

[node name="WallSimple" type="CSGBox3D" parent="Saved Nodes/@CSGCombiner3D@39385/@CSGCombiner3D@39394" unique_id=1294389655 instance=ExtResource("10_hxs8k")]
transform = Transform3D(0.98197484, 0, 0.18901156, 0, 1, 0, -0.18901156, 0, 0.98197484, -76.330536, 0, -101.18599)
size = Vector3(3.3113585, 30, 0.5)
material = SubResource("StandardMaterial3D_15o0u")

[node name="@CSGCombiner3D@39395" type="CSGCombiner3D" parent="Saved Nodes/@CSGCombiner3D@39385" unique_id=1669040007]
script = ExtResource("9_yvdxd")

[node name="WallSimple" type="CSGBox3D" parent="Saved Nodes/@CSGCombiner3D@39385/@CSGCombiner3D@39395" unique_id=634551148 instance=ExtResource("10_hxs8k")]
transform = Transform3D(0.60477436, 0, -0.79639685, 0, 1, 0, 0.79639685, 0, 0.60477436, -73.731415, 0, -100.21727)
size = Vector3(3.218661, 30, 0.5)
material = SubResource("StandardMaterial3D_15o0u")

[node name="@CSGCombiner3D@39396" type="CSGCombiner3D" parent="Saved Nodes/@CSGCombiner3D@39385" unique_id=708186637]
script = ExtResource("9_yvdxd")

[node name="WallSimple" type="CSGBox3D" parent="Saved Nodes/@CSGCombiner3D@39385/@CSGCombiner3D@39396" unique_id=39623110 instance=ExtResource("10_hxs8k")]
transform = Transform3D(0.88831884, 0, 0.45922726, 0, 1, 0, -0.45922726, 0, 0.88831884, -71.026566, 0, -99.83076)
size = Vector3(3.8985353, 30, 0.5)
material = SubResource("StandardMaterial3D_15o0u")

[node name="@CSGCombiner3D@39397" type="CSGCombiner3D" parent="Saved Nodes/@CSGCombiner3D@39385" unique_id=785357976]
script = ExtResource("9_yvdxd")

[node name="WallSimple" type="CSGBox3D" parent="Saved Nodes/@CSGCombiner3D@39385/@CSGCombiner3D@39397" unique_id=102978083 instance=ExtResource("10_hxs8k")]
transform = Transform3D(0.9991207, 0, -0.04192652, 0, 1, 0, 0.04192652, 0, 0.9991207, -66.69083, 0, -100.61664)
size = Vector3(5.212912, 30, 0.5)
material = SubResource("StandardMaterial3D_15o0u")

[node name="@CSGCombiner3D@39398" type="CSGCombiner3D" parent="Saved Nodes/@CSGCombiner3D@39385" unique_id=1539478878]
script = ExtResource("9_yvdxd")

[node name="WallSimple" type="CSGBox3D" parent="Saved Nodes/@CSGCombiner3D@39385/@CSGCombiner3D@39398" unique_id=462632534 instance=ExtResource("10_hxs8k")]
transform = Transform3D(0.996769, 0, 0.080321275, 0, 1, 0, -0.080321275, 0, 0.996769, -60.759876, 0, -100.77544)
size = Vector3(6.6751394, 30, 0.5)
material = SubResource("StandardMaterial3D_15o0u")

[node name="@CSGCombiner3D@39399" type="CSGCombiner3D" parent="Saved Nodes/@CSGCombiner3D@39385" unique_id=1357899511]
script = ExtResource("9_yvdxd")

[node name="WallSimple" type="CSGBox3D" parent="Saved Nodes/@CSGCombiner3D@39385/@CSGCombiner3D@39399" unique_id=607423038 instance=ExtResource("10_hxs8k")]
transform = Transform3D(0.9988109, 0, -0.048752274, 0, 1, 0, 0.048752274, 0, 0.9988109, -57.14924, 0, -101.029655)
size = Vector3(0.5683829, 30, 0.5)
material = SubResource("StandardMaterial3D_15o0u")

[node name="@CSGCombiner3D@39400" type="CSGCombiner3D" parent="Saved Nodes/@CSGCombiner3D@39385" unique_id=160955667]
script = ExtResource("9_yvdxd")

[node name="WallSimple" type="CSGBox3D" parent="Saved Nodes/@CSGCombiner3D@39385/@CSGCombiner3D@39400" unique_id=1755795586 instance=ExtResource("10_hxs8k")]
transform = Transform3D(0.99229395, 0, 0.123905934, 0, 1, 0, -0.123905934, 0, 0.99229395, -53.50692, 0, -101.435165)
size = Vector3(6.7690854, 30, 0.5)
material = SubResource("StandardMaterial3D_15o0u")

[node name="@CSGCombiner3D@39401" type="CSGCombiner3D" parent="Saved Nodes/@CSGCombiner3D@39385" unique_id=1560372930]
script = ExtResource("9_yvdxd")

[node name="WallSimple" type="CSGBox3D" parent="Saved Nodes/@CSGCombiner3D@39385/@CSGCombiner3D@39401" unique_id=1490311565 instance=ExtResource("10_hxs8k")]
transform = Transform3D(0.9834392, 0, -0.18123846, 0, 1, 0, 0.18123846, 0, 0.9834392, -47.62314, 0, -101.38914)
size = Vector3(5.1356993, 30, 0.5)
material = SubResource("StandardMaterial3D_15o0u")

[node name="@CSGCombiner3D@39402" type="CSGCombiner3D" parent="Saved Nodes/@CSGCombiner3D@39385" unique_id=1429312191]
script = ExtResource("9_yvdxd")

[node name="WallSimple" type="CSGBox3D" parent="Saved Nodes/@CSGCombiner3D@39385/@CSGCombiner3D@39402" unique_id=2058940368 instance=ExtResource("10_hxs8k")]
transform = Transform3D(0.21656115, 0, -0.97626907, 0, 1, 0, 0.97626907, 0, 0.21656115, -44.93722, 0, -100.19979)
size = Vector3(1.4831018, 30, 0.5)
material = SubResource("StandardMaterial3D_15o0u")

[node name="@CSGCombiner3D@39403" type="CSGCombiner3D" parent="Saved Nodes/@CSGCombiner3D@39385" unique_id=1448911054]
script = ExtResource("9_yvdxd")

[node name="WallSimple" type="CSGBox3D" parent="Saved Nodes/@CSGCombiner3D@39385/@CSGCombiner3D@39403" unique_id=837260616 instance=ExtResource("10_hxs8k")]
transform = Transform3D(0.9480533, 0, 0.31811148, 0, 1, 0, -0.31811148, 0, 0.9480533, -42.580307, 0, -100.2128)
size = Vector3(4.6333294, 30, 0.5)
material = SubResource("StandardMaterial3D_15o0u")

[node name="@CSGCombiner3D@39404" type="CSGCombiner3D" parent="Saved Nodes/@CSGCombiner3D@39385" unique_id=919849340]
script = ExtResource("9_yvdxd")

[node name="WallSimple" type="CSGBox3D" parent="Saved Nodes/@CSGCombiner3D@39385/@CSGCombiner3D@39404" unique_id=1920108783 instance=ExtResource("10_hxs8k")]
transform = Transform3D(0.99810207, 0, 0.061581276, 0, 1, 0, -0.061581276, 0, 0.99810207, -37.750786, 0, -101.11221)
size = Vector3(5.2764134, 30, 0.5)
material = SubResource("StandardMaterial3D_15o0u")

[node name="@CSGCombiner3D@39405" type="CSGCombiner3D" parent="Saved Nodes/@CSGCombiner3D@39385" unique_id=2136156742]
script = ExtResource("9_yvdxd")

[node name="WallSimple" type="CSGBox3D" parent="Saved Nodes/@CSGCombiner3D@39385/@CSGCombiner3D@39405" unique_id=2101850248 instance=ExtResource("10_hxs8k")]
transform = Transform3D(0.99969476, 0, -0.024705376, 0, 1, 0, 0.024705376, 0, 0.99969476, -33.158447, 0, -101.226265)
size = Vector3(3.9194818, 30, 0.5)
material = SubResource("StandardMaterial3D_15o0u")

[node name="@CSGCombiner3D@39406" type="CSGCombiner3D" parent="Saved Nodes/@CSGCombiner3D@39385" unique_id=127584263]
script = ExtResource("9_yvdxd")

[node name="WallSimple" type="CSGBox3D" parent="Saved Nodes/@CSGCombiner3D@39385/@CSGCombiner3D@39406" unique_id=854699986 instance=ExtResource("10_hxs8k")]
transform = Transform3D(0.99996376, 0, 0.008514509, 0, 1, 0, -0.008514509, 0, 0.99996376, -29.159975, 0, -101.19521)
size = Vector3(4.078803, 30, 0.5)
material = SubResource("StandardMaterial3D_15o0u")

[node name="@CSGCombiner3D@39407" type="CSGCombiner3D" parent="Saved Nodes/@CSGCombiner3D@39385" unique_id=737467753]
script = ExtResource("9_yvdxd")

[node name="WallSimple" type="CSGBox3D" parent="Saved Nodes/@CSGCombiner3D@39385/@CSGCombiner3D@39407" unique_id=1252693259 instance=ExtResource("10_hxs8k")]
transform = Transform3D(0.9997578, 0, 0.022006804, 0, 1, 0, -0.022006804, 0, 0.9997578, -24.04371, 0, -101.280304)
size = Vector3(6.155364, 30, 0.5)
material = SubResource("StandardMaterial3D_15o0u")

[node name="@CSGCombiner3D@39408" type="CSGCombiner3D" parent="Saved Nodes/@CSGCombiner3D@39385" unique_id=408396993]
script = ExtResource("9_yvdxd")

[node name="WallSimple" type="CSGBox3D" parent="Saved Nodes/@CSGCombiner3D@39385/@CSGCombiner3D@39408" unique_id=1072216608 instance=ExtResource("10_hxs8k")]
transform = Transform3D(0.7114214, 0, -0.7027657, 0, 1, 0, 0.7027657, 0, 0.7114214, -19.460629, 0, -99.860214)
size = Vector3(4.234184, 30, 0.5)
material = SubResource("StandardMaterial3D_15o0u")

[node name="@CSGCombiner3D@39409" type="CSGCombiner3D" parent="Saved Nodes/@CSGCombiner3D@39385" unique_id=151123356]
script = ExtResource("9_yvdxd")

[node name="WallSimple" type="CSGBox3D" parent="Saved Nodes/@CSGCombiner3D@39385/@CSGCombiner3D@39409" unique_id=1658138485 instance=ExtResource("10_hxs8k")]
transform = Transform3D(0.9010759, 0, 0.43366143, 0, 1, 0, -0.43366143, 0, 0.9010759, -16.585787, 0, -99.03111)
size = Vector3(3.0379198, 30, 0.5)
material = SubResource("StandardMaterial3D_15o0u")

[node name="@CSGCombiner3D@39410" type="CSGCombiner3D" parent="Saved Nodes/@CSGCombiner3D@39385" unique_id=983968385]
script = ExtResource("9_yvdxd")

[node name="WallSimple" type="CSGBox3D" parent="Saved Nodes/@CSGCombiner3D@39385/@CSGCombiner3D@39410" unique_id=394778448 instance=ExtResource("10_hxs8k")]
transform = Transform3D(0.99585515, 0, -0.09095359, 0, 1, 0, 0.09095359, 0, 0.99585515, -12.286444, 0, -99.422165)
size = Vector3(5.8856845, 30, 0.5)
material = SubResource("StandardMaterial3D_15o0u")

[node name="@CSGCombiner3D@39411" type="CSGCombiner3D" parent="Saved Nodes/@CSGCombiner3D@39385" unique_id=1193777072]
script = ExtResource("9_yvdxd")

[node name="WallSimple" type="CSGBox3D" parent="Saved Nodes/@CSGCombiner3D@39385/@CSGCombiner3D@39411" unique_id=1822952340 instance=ExtResource("10_hxs8k")]
transform = Transform3D(0.9978353, 0, 0.06576285, 0, 1, 0, -0.06576285, 0, 0.9978353, -6.9186497, 0, -99.315125)
size = Vector3(4.884875, 30, 0.5)
material = SubResource("StandardMaterial3D_15o0u")

[node name="@CSGCombiner3D@39412" type="CSGCombiner3D" parent="Saved Nodes/@CSGCombiner3D@39385" unique_id=95231585]
script = ExtResource("9_yvdxd")

[node name="WallSimple" type="CSGBox3D" parent="Saved Nodes/@CSGCombiner3D@39385/@CSGCombiner3D@39412" unique_id=239802116 instance=ExtResource("10_hxs8k")]
transform = Transform3D(0.7074855, 0, -0.70672786, 0, 1, 0, 0.70672786, 0, 0.7074855, -3.842093, 0, -98.83702)
size = Vector3(1.8075458, 30, 0.5)
material = SubResource("StandardMaterial3D_15o0u")

[node name="@CSGCombiner3D@39413" type="CSGCombiner3D" parent="Saved Nodes/@CSGCombiner3D@39385" unique_id=1530779787]
script = ExtResource("9_yvdxd")

[node name="WallSimple" type="CSGBox3D" parent="Saved Nodes/@CSGCombiner3D@39385/@CSGCombiner3D@39413" unique_id=220303944 instance=ExtResource("10_hxs8k")]
transform = Transform3D(0.9149821, 0, 0.40349445, 0, 1, 0, -0.40349445, 0, 0.9149821, -0.13674188, 0, -99.55034)
size = Vector3(6.70165, 30, 0.5)
material = SubResource("StandardMaterial3D_15o0u")

[node name="@CSGCombiner3D@39414" type="CSGCombiner3D" parent="Saved Nodes/@CSGCombiner3D@39385" unique_id=656527201]
script = ExtResource("9_yvdxd")

[node name="WallSimple" type="CSGBox3D" parent="Saved Nodes/@CSGCombiner3D@39385/@CSGCombiner3D@39414" unique_id=1426154569 instance=ExtResource("10_hxs8k")]
transform = Transform3D(0.93458897, 0, -0.35572955, 0, 1, 0, 0.35572955, 0, 0.93458897, 5.2286143, 0, -100.02716)
size = Vector3(4.92069, 30, 0.5)
material = SubResource("StandardMaterial3D_15o0u")

[node name="@CSGCombiner3D@39415" type="CSGCombiner3D" parent="Saved Nodes/@CSGCombiner3D@39385" unique_id=172544565]
script = ExtResource("9_yvdxd")

[node name="WallSimple" type="CSGBox3D" parent="Saved Nodes/@CSGCombiner3D@39385/@CSGCombiner3D@39415" unique_id=1490971308 instance=ExtResource("10_hxs8k")]
transform = Transform3D(0.92228836, 0, 0.3865025, 0, 1, 0, -0.3865025, 0, 0.92228836, 9.125528, 0, -99.82141)
size = Vector3(3.4642162, 30, 0.5)
material = SubResource("StandardMaterial3D_15o0u")

[node name="@CSGCombiner3D@39416" type="CSGCombiner3D" parent="Saved Nodes/@CSGCombiner3D@39385" unique_id=1813859341]
script = ExtResource("9_yvdxd")

[node name="WallSimple" type="CSGBox3D" parent="Saved Nodes/@CSGCombiner3D@39385/@CSGCombiner3D@39416" unique_id=35364420 instance=ExtResource("10_hxs8k")]
transform = Transform3D(0.9526738, 0, -0.30399445, 0, 1, 0, 0.30399445, 0, 0.9526738, 12.0884495, 0, -100.055176)
size = Vector3(2.8664963, 30, 0.5)
material = SubResource("StandardMaterial3D_15o0u")

[node name="@CSGCombiner3D@39417" type="CSGCombiner3D" parent="Saved Nodes/@CSGCombiner3D@39385" unique_id=1174009537]
script = ExtResource("9_yvdxd")

[node name="WallSimple" type="CSGBox3D" parent="Saved Nodes/@CSGCombiner3D@39385/@CSGCombiner3D@39417" unique_id=621016906 instance=ExtResource("10_hxs8k")]
transform = Transform3D(0.9909751, 0, -0.134046, 0, 1, 0, 0.134046, 0, 0.9909751, 16.689232, 0, -99.18184)
size = Vector3(6.5296583, 30, 0.5)
material = SubResource("StandardMaterial3D_15o0u")

[node name="@CSGCombiner3D@39418" type="CSGCombiner3D" parent="Saved Nodes/@CSGCombiner3D@39385" unique_id=1527096742]
script = ExtResource("9_yvdxd")

[node name="WallSimple" type="CSGBox3D" parent="Saved Nodes/@CSGCombiner3D@39385/@CSGCombiner3D@39418" unique_id=550062881 instance=ExtResource("10_hxs8k")]
transform = Transform3D(0.96720666, 0, 0.25399083, 0, 1, 0, -0.25399083, 0, 0.96720666, 21.357346, 0, -99.120445)
size = Vector3(2.962655, 30, 0.5)
material = SubResource("StandardMaterial3D_15o0u")

[node name="@CSGCombiner3D@39419" type="CSGCombiner3D" parent="Saved Nodes/@CSGCombiner3D@39385" unique_id=1849877805]
script = ExtResource("9_yvdxd")

[node name="WallSimple" type="CSGBox3D" parent="Saved Nodes/@CSGCombiner3D@39385/@CSGCombiner3D@39419" unique_id=1333345866 instance=ExtResource("10_hxs8k")]
transform = Transform3D(0.9989849, 0, -0.04504627, 0, 1, 0, 0.04504627, 0, 0.9989849, 25.665075, 0, -99.36705)
size = Vector3(5.755801, 30, 0.5)
material = SubResource("StandardMaterial3D_15o0u")

[node name="@CSGCombiner3D@39420" type="CSGCombiner3D" parent="Saved Nodes/@CSGCombiner3D@39385" unique_id=468552268]
script = ExtResource("9_yvdxd")

[node name="WallSimple" type="CSGBox3D" parent="Saved Nodes/@CSGCombiner3D@39385/@CSGCombiner3D@39420" unique_id=1668851823 instance=ExtResource("10_hxs8k")]
transform = Transform3D(0.3092496, 0, 0.9509809, 0, 1, 0, -0.9509809, 0, 0.3092496, 28.946484, 0, -100.48723)
size = Vector3(2.6284873, 30, 0.5)
material = SubResource("StandardMaterial3D_15o0u")

[node name="@CSGCombiner3D@39421" type="CSGCombiner3D" parent="Saved Nodes/@CSGCombiner3D@39385" unique_id=732589842]
script = ExtResource("9_yvdxd")

[node name="WallSimple" type="CSGBox3D" parent="Saved Nodes/@CSGCombiner3D@39385/@CSGCombiner3D@39421" unique_id=47693074 instance=ExtResource("10_hxs8k")]
transform = Transform3D(0.99638265, 0, -0.08497992, 0, 1, 0, 0.08497992, 0, 0.99638265, 32.54271, 0, -101.465)
size = Vector3(6.402754, 30, 0.5)
material = SubResource("StandardMaterial3D_15o0u")

[node name="@CSGCombiner3D@39422" type="CSGCombiner3D" parent="Saved Nodes/@CSGCombiner3D@39385" unique_id=894297266]
script = ExtResource("9_yvdxd")

[node name="WallSimple" type="CSGBox3D" parent="Saved Nodes/@CSGCombiner3D@39385/@CSGCombiner3D@39422" unique_id=28319869 instance=ExtResource("10_hxs8k")]
transform = Transform3D(0.8715842, 0, -0.49024594, 0, 1, 0, 0.49024594, 0, 0.8715842, 37.831688, 0, -100.01221)
size = Vector3(4.816931, 30, 0.5)
material = SubResource("StandardMaterial3D_15o0u")

[node name="@CSGCombiner3D@39423" type="CSGCombiner3D" parent="Saved Nodes/@CSGCombiner3D@39385" unique_id=210460806]
script = ExtResource("9_yvdxd")

[node name="WallSimple" type="CSGBox3D" parent="Saved Nodes/@CSGCombiner3D@39385/@CSGCombiner3D@39423" unique_id=832882289 instance=ExtResource("10_hxs8k")]
transform = Transform3D(0.64049435, 0, 0.7679629, 0, 1, 0, -0.7679629, 0, 0.64049435, 40.740982, 0, -99.80281)
size = Vector3(2.5296638, 30, 0.5)
material = SubResource("StandardMaterial3D_15o0u")

[node name="@CSGCombiner3D@39424" type="CSGCombiner3D" parent="Saved Nodes/@CSGCombiner3D@39385" unique_id=1043250106]
script = ExtResource("9_yvdxd")

[node name="WallSimple" type="CSGBox3D" parent="Saved Nodes/@CSGCombiner3D@39385/@CSGCombiner3D@39424" unique_id=1747857463 instance=ExtResource("10_hxs8k")]
transform = Transform3D(0.99537426, 0, -0.096073575, 0, 1, 0, 0.096073575, 0, 0.99537426, 44.294662, 0, -100.509346)
size = Vector3(5.512622, 30, 0.5)
material = SubResource("StandardMaterial3D_15o0u")

[node name="@CSGCombiner3D@39425" type="CSGCombiner3D" parent="Saved Nodes/@CSGCombiner3D@39385" unique_id=242206946]
script = ExtResource("9_yvdxd")

[node name="WallSimple" type="CSGBox3D" parent="Saved Nodes/@CSGCombiner3D@39385/@CSGCombiner3D@39425" unique_id=368431723 instance=ExtResource("10_hxs8k")]
transform = Transform3D(0.9720017, 0, -0.23497398, 0, 1, 0, 0.23497398, 0, 0.9720017, 49.620293, 0, -99.620346)
size = Vector3(5.3128867, 30, 0.5)
material = SubResource("StandardMaterial3D_15o0u")

[node name="@CSGCombiner3D@39426" type="CSGCombiner3D" parent="Saved Nodes/@CSGCombiner3D@39385" unique_id=1351190492]
script = ExtResource("9_yvdxd")

[node name="WallSimple" type="CSGBox3D" parent="Saved Nodes/@CSGCombiner3D@39385/@CSGCombiner3D@39426" unique_id=900194005 instance=ExtResource("10_hxs8k")]
transform = Transform3D(0.9999985, 0, -0.0017164185, 0, 1, 0, 0.0017164185, 0, 0.9999985, 53.97811, 0, -98.9931)
size = Vector3(3.551515, 30, 0.5)
material = SubResource("StandardMaterial3D_15o0u")

[node name="@CSGCombiner3D@39427" type="CSGCombiner3D" parent="Saved Nodes/@CSGCombiner3D@39385" unique_id=283079458]
script = ExtResource("9_yvdxd")

[node name="WallSimple" type="CSGBox3D" parent="Saved Nodes/@CSGCombiner3D@39385/@CSGCombiner3D@39427" unique_id=628887950 instance=ExtResource("10_hxs8k")]
transform = Transform3D(0.87968975, 0, 0.4755481, 0, 1, 0, -0.4755481, 0, 0.87968975, 58.313408, 0, -100.3737)
size = Vector3(5.8191876, 30, 0.5)
material = SubResource("StandardMaterial3D_15o0u")

[node name="@CSGCombiner3D@39428" type="CSGCombiner3D" parent="Saved Nodes/@CSGCombiner3D@39385" unique_id=409895542]
script = ExtResource("9_yvdxd")

[node name="WallSimple" type="CSGBox3D" parent="Saved Nodes/@CSGCombiner3D@39385/@CSGCombiner3D@39428" unique_id=173578296 instance=ExtResource("10_hxs8k")]
transform = Transform3D(0.7800502, 0, -0.6257169, 0, 1, 0, 0.6257169, 0, 0.7800502, 62.94329, 0, -100.096634)
size = Vector3(5.30823, 30, 0.5)
material = SubResource("StandardMaterial3D_15o0u")

[node name="@CSGCombiner3D@39429" type="CSGCombiner3D" parent="Saved Nodes/@CSGCombiner3D@39385" unique_id=2005435668]
script = ExtResource("9_yvdxd")

[node name="WallSimple" type="CSGBox3D" parent="Saved Nodes/@CSGCombiner3D@39385/@CSGCombiner3D@39429" unique_id=862726052 instance=ExtResource("10_hxs8k")]
transform = Transform3D(0.79719937, 0, 0.60371614, 0, 1, 0, -0.60371614, 0, 0.79719937, 66.246735, 0, -99.36973)
size = Vector3(3.0935822, 30, 0.5)
material = SubResource("StandardMaterial3D_15o0u")

[node name="@CSGCombiner3D@39430" type="CSGCombiner3D" parent="Saved Nodes/@CSGCombiner3D@39385" unique_id=822491385]
script = ExtResource("9_yvdxd")

[node name="WallSimple" type="CSGBox3D" parent="Saved Nodes/@CSGCombiner3D@39385/@CSGCombiner3D@39430" unique_id=16979119 instance=ExtResource("10_hxs8k")]
transform = Transform3D(0.9990472, 0, -0.04364199, 0, 1, 0, 0.04364199, 0, 0.9990472, 70.26072, 0, -100.18207)
size = Vector3(5.5670714, 30, 0.5)
material = SubResource("StandardMaterial3D_15o0u")

[node name="@CSGCombiner3D@39431" type="CSGCombiner3D" parent="Saved Nodes/@CSGCombiner3D@39385" unique_id=936825955]
script = ExtResource("9_yvdxd")

[node name="WallSimple" type="CSGBox3D" parent="Saved Nodes/@CSGCombiner3D@39385/@CSGCombiner3D@39431" unique_id=637625586 instance=ExtResource("10_hxs8k")]
transform = Transform3D(0.8227507, 0, 0.5684024, 0, 1, 0, -0.5684024, 0, 0.8227507, 74.18903, 0, -100.8533)
size = Vector3(2.7892542, 30, 0.5)
material = SubResource("StandardMaterial3D_15o0u")

[node name="@CSGCombiner3D@39432" type="CSGCombiner3D" parent="Saved Nodes/@CSGCombiner3D@39385" unique_id=1552948106]
script = ExtResource("9_yvdxd")

[node name="WallSimple" type="CSGBox3D" parent="Saved Nodes/@CSGCombiner3D@39385/@CSGCombiner3D@39432" unique_id=1044712235 instance=ExtResource("10_hxs8k")]
transform = Transform3D(0.9206054, 0, -0.39049408, 0, 1, 0, 0.39049408, 0, 0.9206054, 76.7371, 0, -101.0519)
size = Vector3(3.0428555, 30, 0.5)
material = SubResource("StandardMaterial3D_15o0u")

[node name="@CSGCombiner3D@39433" type="CSGCombiner3D" parent="Saved Nodes/@CSGCombiner3D@39385" unique_id=1569360818]
script = ExtResource("9_yvdxd")

[node name="WallSimple" type="CSGBox3D" parent="Saved Nodes/@CSGCombiner3D@39385/@CSGCombiner3D@39433" unique_id=32330933 instance=ExtResource("10_hxs8k")]
transform = Transform3D(0.9499859, 0, -0.31229278, 0, 1, 0, 0.31229278, 0, 0.9499859, 81.48836, 0, -99.35633)
size = Vector3(7.0540423, 30, 0.5)
material = SubResource("StandardMaterial3D_15o0u")

[node name="@CSGCombiner3D@39434" type="CSGCombiner3D" parent="Saved Nodes/@CSGCombiner3D@39385" unique_id=366080497]
script = ExtResource("9_yvdxd")

[node name="WallSimple" type="CSGBox3D" parent="Saved Nodes/@CSGCombiner3D@39385/@CSGCombiner3D@39434" unique_id=1683552158 instance=ExtResource("10_hxs8k")]
transform = Transform3D(0.70624995, 0, 0.7079626, 0, 1, 0, -0.7079626, 0, 0.70624995, 85.743515, 0, -99.1616)
size = Vector3(2.5615213, 30, 0.5)
material = SubResource("StandardMaterial3D_15o0u")

[node name="@CSGCombiner3D@39435" type="CSGCombiner3D" parent="Saved Nodes/@CSGCombiner3D@39385" unique_id=479620311]
script = ExtResource("9_yvdxd")

[node name="WallSimple" type="CSGBox3D" parent="Saved Nodes/@CSGCombiner3D@39385/@CSGCombiner3D@39435" unique_id=1017771902 instance=ExtResource("10_hxs8k")]
transform = Transform3D(0.9839372, 0, -0.17851476, 0, 1, 0, 0.17851476, 0, 0.9839372, 90.04321, 0, -99.45235)
size = Vector3(6.901189, 30, 0.5)
material = SubResource("StandardMaterial3D_15o0u")

[node name="@CSGCombiner3D@39436" type="CSGCombiner3D" parent="Saved Nodes/@CSGCombiner3D@39385" unique_id=517297472]
script = ExtResource("9_yvdxd")

[node name="WallSimple" type="CSGBox3D" parent="Saved Nodes/@CSGCombiner3D@39385/@CSGCombiner3D@39436" unique_id=275122491 instance=ExtResource("10_hxs8k")]
transform = Transform3D(0.9955874, 0, 0.09383844, 0, 1, 0, -0.09383844, 0, 0.9955874, 94.736496, 0, -98.95872)
size = Vector3(2.6077287, 30, 0.5)
material = SubResource("StandardMaterial3D_15o0u")

[node name="@CSGCombiner3D@39437" type="CSGCombiner3D" parent="Saved Nodes/@CSGCombiner3D@39385" unique_id=131862369]
script = ExtResource("9_yvdxd")

[node name="WallSimple" type="CSGBox3D" parent="Saved Nodes/@CSGCombiner3D@39385/@CSGCombiner3D@39437" unique_id=1841023419 instance=ExtResource("10_hxs8k")]
transform = Transform3D(0.98736453, 0, -0.15846525, 0, 1, 0, 0.15846525, 0, 0.98736453, 98.981125, 0, -98.60817)
size = Vector3(5.9684577, 30, 0.5)
material = SubResource("StandardMaterial3D_15o0u")

[node name="@CSGCombiner3D@39438" type="CSGCombiner3D" parent="Saved Nodes/@CSGCombiner3D@39385" unique_id=263671267]
script = ExtResource("9_yvdxd")

[node name="WallSimple" type="CSGBox3D" parent="Saved Nodes/@CSGCombiner3D@39385/@CSGCombiner3D@39438" unique_id=1404376960 instance=ExtResource("10_hxs8k")]
transform = Transform3D(0.8769822, 0, -0.48052284, 0, 1, 0, 0.48052284, 0, 0.8769822, -17.59272, 0, -64.01073)
size = Vector3(3.89603, 30, 0.5)
material = SubResource("StandardMaterial3D_15o0u")

[node name="@CSGCombiner3D@39439" type="CSGCombiner3D" parent="Saved Nodes/@CSGCombiner3D@39385" unique_id=1231393734]
script = ExtResource("9_yvdxd")

[node name="WallSimple" type="CSGBox3D" parent="Saved Nodes/@CSGCombiner3D@39385/@CSGCombiner3D@39439" unique_id=285416379 instance=ExtResource("10_hxs8k")]
transform = Transform3D(0.81547296, 0, -0.57879514, 0, 1, 0, 0.57879514, 0, 0.81547296, -37.38452, 0, -58.510284)
size = Vector3(2.4833965, 30, 0.5)
material = SubResource("StandardMaterial3D_15o0u")

[node name="@CSGCombiner3D@39440" type="CSGCombiner3D" parent="Saved Nodes/@CSGCombiner3D@39385" unique_id=1814435082]
script = ExtResource("9_yvdxd")

[node name="WallSimple" type="CSGBox3D" parent="Saved Nodes/@CSGCombiner3D@39385/@CSGCombiner3D@39440" unique_id=637483923 instance=ExtResource("10_hxs8k")]
transform = Transform3D(0.95342934, 0, 0.30161652, 0, 1, 0, -0.30161652, 0, 0.95342934, -32.62419, 0, -58.977196)
size = Vector3(7.8616395, 30, 0.5)
material = SubResource("StandardMaterial3D_15o0u")

[node name="@CSGCombiner3D@39441" type="CSGCombiner3D" parent="Saved Nodes/@CSGCombiner3D@39385" unique_id=2131368010]
script = ExtResource("9_yvdxd")

[node name="WallSimple" type="CSGBox3D" parent="Saved Nodes/@CSGCombiner3D@39385/@CSGCombiner3D@39441" unique_id=782512157 instance=ExtResource("10_hxs8k")]
transform = Transform3D(0.9799145, 0, 0.19941816, 0, 1, 0, -0.19941816, 0, 0.9799145, -8.399271, 0, -58.57448)
size = Vector3(7.0513825, 30, 0.5)
material = SubResource("StandardMaterial3D_15o0u")

[node name="@CSGCombiner3D@39442" type="CSGCombiner3D" parent="Saved Nodes/@CSGCombiner3D@39385" unique_id=309437132]
script = ExtResource("9_yvdxd")

[node name="WallSimple" type="CSGBox3D" parent="Saved Nodes/@CSGCombiner3D@39385/@CSGCombiner3D@39442" unique_id=38034051 instance=ExtResource("10_hxs8k")]
transform = Transform3D(0.9973069, 0, -0.073341146, 0, 1, 0, 0.073341146, 0, 0.9973069, -89.490974, 0, -54.00113)
size = Vector3(6.397034, 30, 0.5)
material = SubResource("StandardMaterial3D_15o0u")

[node name="@CSGCombiner3D@39443" type="CSGCombiner3D" parent="Saved Nodes/@CSGCombiner3D@39385" unique_id=1197045643]
script = ExtResource("9_yvdxd")

[node name="WallSimple" type="CSGBox3D" parent="Saved Nodes/@CSGCombiner3D@39385/@CSGCombiner3D@39443" unique_id=196935920 instance=ExtResource("10_hxs8k")]
transform = Transform3D(0.9348745, 0, 0.35497847, 0, 1, 0, -0.35497847, 0, 0.9348745, -56.1314, 0, -55.647137)
size = Vector3(2.3895206, 30, 0.5)
material = SubResource("StandardMaterial3D_15o0u")

[node name="@CSGCombiner3D@39444" type="CSGCombiner3D" parent="Saved Nodes/@CSGCombiner3D@39385" unique_id=261792844]
script = ExtResource("9_yvdxd")

[node name="WallSimple" type="CSGBox3D" parent="Saved Nodes/@CSGCombiner3D@39385/@CSGCombiner3D@39444" unique_id=235548914 instance=ExtResource("10_hxs8k")]
transform = Transform3D(0.9987518, 0, 0.049948473, 0, 1, 0, -0.049948473, 0, 0.9987518, -53.044777, 0, -56.169754)
size = Vector3(3.9442656, 30, 0.5)
material = SubResource("StandardMaterial3D_15o0u")

[node name="@CSGCombiner3D@39445" type="CSGCombiner3D" parent="Saved Nodes/@CSGCombiner3D@39385" unique_id=1925508345]
script = ExtResource("9_yvdxd")

[node name="WallSimple" type="CSGBox3D" parent="Saved Nodes/@CSGCombiner3D@39385/@CSGCombiner3D@39445" unique_id=222935166 instance=ExtResource("10_hxs8k")]
transform = Transform3D(0.97035456, 0, -0.24168585, 0, 1, 0, 0.24168585, 0, 0.97035456, -48.137802, 0, -55.536667)
size = Vector3(6.054091, 30, 0.5)
material = SubResource("StandardMaterial3D_15o0u")

[node name="@CSGCombiner3D@39446" type="CSGCombiner3D" parent="Saved Nodes/@CSGCombiner3D@39385" unique_id=1755430905]
script = ExtResource("9_yvdxd")

[node name="WallSimple" type="CSGBox3D" parent="Saved Nodes/@CSGCombiner3D@39385/@CSGCombiner3D@39446" unique_id=727656592 instance=ExtResource("10_hxs8k")]
transform = Transform3D(0.89888495, 0, 0.43818468, 0, 1, 0, -0.43818468, 0, 0.89888495, -43.502808, 0, -55.632652)
size = Vector3(3.7773178, 30, 0.5)
material = SubResource("StandardMaterial3D_15o0u")

[node name="@CSGCombiner3D@39447" type="CSGCombiner3D" parent="Saved Nodes/@CSGCombiner3D@39385" unique_id=979972253]
script = ExtResource("9_yvdxd")

[node name="WallSimple" type="CSGBox3D" parent="Saved Nodes/@CSGCombiner3D@39385/@CSGCombiner3D@39447" unique_id=1022936130 instance=ExtResource("10_hxs8k")]
transform = Transform3D(0.8725213, 0, -0.4885761, 0, 1, 0, 0.4885761, 0, 0.8725213, -82.29102, 0, -49.882675)
size = Vector3(1.8887734, 30, 0.5)
material = SubResource("StandardMaterial3D_15o0u")

[node name="@CSGCombiner3D@39448" type="CSGCombiner3D" parent="Saved Nodes/@CSGCombiner3D@39385" unique_id=945736525]
script = ExtResource("9_yvdxd")

[node name="WallSimple" type="CSGBox3D" parent="Saved Nodes/@CSGCombiner3D@39385/@CSGCombiner3D@39448" unique_id=1461210751 instance=ExtResource("10_hxs8k")]
transform = Transform3D(0.99140364, 0, 0.1308389, 0, 1, 0, -0.1308389, 0, 0.99140364, -69.30955, 0, -50.29566)
size = Vector3(3.016855, 30, 0.5)
material = SubResource("StandardMaterial3D_15o0u")

[node name="@CSGCombiner3D@39449" type="CSGCombiner3D" parent="Saved Nodes/@CSGCombiner3D@39385" unique_id=1650106378]
script = ExtResource("9_yvdxd")

[node name="WallSimple" type="CSGBox3D" parent="Saved Nodes/@CSGCombiner3D@39385/@CSGCombiner3D@39449" unique_id=1698878305 instance=ExtResource("10_hxs8k")]
transform = Transform3D(0.9604614, 0, -0.27841318, 0, 1, 0, 0.27841318, 0, 0.9604614, -65.61127, 0, -49.854477)
size = Vector3(4.5870113, 30, 0.5)
material = SubResource("StandardMaterial3D_15o0u")

[node name="@CSGCombiner3D@39450" type="CSGCombiner3D" parent="Saved Nodes/@CSGCombiner3D@39385" unique_id=933003979]
script = ExtResource("9_yvdxd")

[node name="WallSimple" type="CSGBox3D" parent="Saved Nodes/@CSGCombiner3D@39385/@CSGCombiner3D@39450" unique_id=1143065609 instance=ExtResource("10_hxs8k")]
transform = Transform3D(0.94157493, 0, 0.3368035, 0, 1, 0, -0.3368035, 0, 0.94157493, 0.37713736, 0, -50.864975)
size = Vector3(4.9712076, 30, 0.5)
material = SubResource("StandardMaterial3D_15o0u")

[node name="@CSGCombiner3D@39451" type="CSGCombiner3D" parent="Saved Nodes/@CSGCombiner3D@39385" unique_id=1617756099]
script = ExtResource("9_yvdxd")

[node name="WallSimple" type="CSGBox3D" parent="Saved Nodes/@CSGCombiner3D@39385/@CSGCombiner3D@39451" unique_id=163691758 instance=ExtResource("10_hxs8k")]
transform = Transform3D(0.8638469, 0, -0.50375444, 0, 1, 0, 0.50375444, 0, 0.8638469, 4.240597, 0, -46.07792)
size = Vector3(1.8921641, 30, 0.5)
material = SubResource("StandardMaterial3D_15o0u")

[node name="@CSGCombiner3D@39452" type="CSGCombiner3D" parent="Saved Nodes/@CSGCombiner3D@39385" unique_id=980336289]
script = ExtResource("9_yvdxd")

[node name="WallSimple" type="CSGBox3D" parent="Saved Nodes/@CSGCombiner3D@39385/@CSGCombiner3D@39452" unique_id=1021945000 instance=ExtResource("10_hxs8k")]
transform = Transform3D(0.85441244, 0, 0.5195954, 0, 1, 0, -0.5195954, 0, 0.85441244, 7.6175137, 0, -47.15793)
size = Vector3(5.9915953, 30, 0.5)
material = SubResource("StandardMaterial3D_15o0u")

[node name="@CSGCombiner3D@39453" type="CSGCombiner3D" parent="Saved Nodes/@CSGCombiner3D@39385" unique_id=1499026267]
script = ExtResource("9_yvdxd")

[node name="WallSimple" type="CSGBox3D" parent="Saved Nodes/@CSGCombiner3D@39385/@CSGCombiner3D@39453" unique_id=2125888378 instance=ExtResource("10_hxs8k")]
transform = Transform3D(0.95433104, 0, 0.29875126, 0, 1, 0, -0.29875126, 0, 0.95433104, -92.37756, 0, -37.418594)
size = Vector3(3.820657, 30, 0.5)
material = SubResource("StandardMaterial3D_15o0u")

[node name="@CSGCombiner3D@39454" type="CSGCombiner3D" parent="Saved Nodes/@CSGCombiner3D@39385" unique_id=1314974027]
script = ExtResource("9_yvdxd")

[node name="WallSimple" type="CSGBox3D" parent="Saved Nodes/@CSGCombiner3D@39385/@CSGCombiner3D@39454" unique_id=1026306273 instance=ExtResource("10_hxs8k")]
transform = Transform3D(0.9814041, 0, -0.19195294, 0, 1, 0, 0.19195294, 0, 0.9814041, -93.46242, 0, -35.16951)
size = Vector3(6.7451835, 30, 0.5)
material = SubResource("StandardMaterial3D_15o0u")

[node name="@CSGCombiner3D@39455" type="CSGCombiner3D" parent="Saved Nodes/@CSGCombiner3D@39385" unique_id=1380368932]
script = ExtResource("9_yvdxd")

[node name="WallSimple" type="CSGBox3D" parent="Saved Nodes/@CSGCombiner3D@39385/@CSGCombiner3D@39455" unique_id=783573413 instance=ExtResource("10_hxs8k")]
transform = Transform3D(0.9825757, 0, 0.18586276, 0, 1, 0, -0.18586276, 0, 0.9825757, 20.164577, 0, -33.493187)
size = Vector3(1.9079975, 30, 0.5)
material = SubResource("StandardMaterial3D_15o0u")

[node name="@CSGCombiner3D@39456" type="CSGCombiner3D" parent="Saved Nodes/@CSGCombiner3D@39385" unique_id=923626414]
script = ExtResource("9_yvdxd")

[node name="WallSimple" type="CSGBox3D" parent="Saved Nodes/@CSGCombiner3D@39385/@CSGCombiner3D@39456" unique_id=1327825575 instance=ExtResource("10_hxs8k")]
transform = Transform3D(0.996594, 0, -0.082464695, 0, 1, 0, 0.082464695, 0, 0.996594, 23.756449, 0, -33.45085)
size = Vector3(5.3271346, 30, 0.5)
material = SubResource("StandardMaterial3D_15o0u")

[node name="@CSGCombiner3D@39457" type="CSGCombiner3D" parent="Saved Nodes/@CSGCombiner3D@39385" unique_id=1508341060]
script = ExtResource("9_yvdxd")

[node name="WallSimple" type="CSGBox3D" parent="Saved Nodes/@CSGCombiner3D@39385/@CSGCombiner3D@39457" unique_id=511023279 instance=ExtResource("10_hxs8k")]
transform = Transform3D(0.96254313, 0, 0.27112862, 0, 1, 0, -0.27112862, 0, 0.96254313, 32.62394, 0, -27.234207)
size = Vector3(7.4571433, 30, 0.5)
material = SubResource("StandardMaterial3D_15o0u")

[node name="@CSGCombiner3D@39458" type="CSGCombiner3D" parent="Saved Nodes/@CSGCombiner3D@39385" unique_id=601644406]
script = ExtResource("9_yvdxd")

[node name="WallSimple" type="CSGBox3D" parent="Saved Nodes/@CSGCombiner3D@39385/@CSGCombiner3D@39458" unique_id=1602315965 instance=ExtResource("10_hxs8k")]
transform = Transform3D(0.9495164, 0, -0.31371734, 0, 1, 0, 0.31371734, 0, 0.9495164, 37.47516, 0, -27.828066)
size = Vector3(2.6588442, 30, 0.5)
