[gd_scene format=3 uid="uid://bwsmrxn17dwr2"]

[ext_resource type="Script" uid="uid://jxclon2ygver" path="res://shared/biome_generator/generator/plants_walls_generator.gd" id="1_t8ucm"]
[ext_resource type="Script" uid="uid://bkroq7y6mcrv6" path="res://shared/biome_generator/generator/points_generator.gd" id="2_pk6b2"]
[ext_resource type="Script" uid="uid://cdjvn3r142ase" path="res://shared/biome_generator/generator/triangle_generator.gd" id="3_d06r1"]
[ext_resource type="Script" uid="uid://cle703ysgd1ey" path="res://shared/biome_generator/generator/biome_generator.gd" id="4_pk6b2"]
[ext_resource type="Script" uid="uid://40evsrc1ymef" path="res://shared/biome_generator/generator/walls_generator.gd" id="5_pjyol"]
[ext_resource type="Script" uid="uid://8cy5tgafubbm" path="res://shared/biome_generator/generator/passages_generator.gd" id="6_2c18v"]
[ext_resource type="Script" uid="uid://ccn212sobnkhi" path="res://shared/biome_generator/wall/walls_combiner.gd" id="7_2c18v"]
[ext_resource type="Script" uid="uid://bc6sdwcbq3i2l" path="res://shared/biome_generator/biome.gd" id="7_n8y37"]
[ext_resource type="Script" uid="uid://rd5ibb702lcp" path="res://shared/biome_generator/wall/passage_line.gd" id="9_bqtct"]
[ext_resource type="Script" uid="uid://bks3clvov8dgh" path="res://shared/biome_generator/wall/biome_wall.gd" id="9_yvdxd"]
[ext_resource type="PackedScene" uid="uid://diqs35d18iqxr" path="res://shared/biome_generator/wall/wall_simple.tscn" id="10_hxs8k"]
[ext_resource type="PackedScene" uid="uid://b66tnl8clprem" path="res://shared/biome_generator/wall/biome_passage.tscn" id="12_hxs8k"]
[ext_resource type="Script" uid="uid://e3gcoopho4a1" path="res://shared/biome_generator/wall/biome_passage.gd" id="13_hxs8k"]

[sub_resource type="StandardMaterial3D" id="StandardMaterial3D_ggy0p"]
albedo_color = Color(0, 0.64705884, 0, 1)

[sub_resource type="StandardMaterial3D" id="StandardMaterial3D_0mw7w"]
albedo_color = Color(1, 0, 0, 1)

[node name="Plants Walls Generator" type="Node3D" unique_id=1762565553 node_paths=PackedStringArray("saved_nodes_node", "subgenerators_node", "walls_combiner", "points_generator", "triangle_generator", "biome_generator", "walls_generator", "passage_generator")]
script = ExtResource("1_t8ucm")
saved_nodes_node = NodePath("Saved Nodes")
subgenerators_node = NodePath("SubGenerators")
walls_combiner = NodePath("Saved Nodes/@CSGCombiner3D@58338")
points_generator = NodePath("SubGenerators/Points Generator")
triangle_generator = NodePath("SubGenerators/Triangle Generator")
biome_generator = NodePath("SubGenerators/Biome Generator")
walls_generator = NodePath("SubGenerators/Walls Generator")
passage_generator = NodePath("SubGenerators/Passages Generator")
custom_seed = 1748455857

[node name="SubGenerators" type="Node3D" parent="." unique_id=386254087]

[node name="Points Generator" type="Node3D" parent="SubGenerators" unique_id=368838986 node_paths=PackedStringArray("generator_main")]
script = ExtResource("2_pk6b2")
generator_main = NodePath("../..")

[node name="Triangle Generator" type="Node3D" parent="SubGenerators" unique_id=1061795928 node_paths=PackedStringArray("generator_main")]
script = ExtResource("3_d06r1")
generator_main = NodePath("../..")

[node name="Biome Generator" type="Node3D" parent="SubGenerators" unique_id=1275106298 node_paths=PackedStringArray("generator_main", "biomes_parent")]
script = ExtResource("4_pk6b2")
generator_main = NodePath("../..")
biomes_parent = NodePath("../../Saved Nodes/Biomes")

[node name="Walls Generator" type="Node3D" parent="SubGenerators" unique_id=1745822719 node_paths=PackedStringArray("generator_main")]
script = ExtResource("5_pjyol")
generator_main = NodePath("../..")

[node name="Passages Generator" type="Node3D" parent="SubGenerators" unique_id=753269181 node_paths=PackedStringArray("generator_main")]
script = ExtResource("6_2c18v")
generator_main = NodePath("../..")

[node name="Saved Nodes" type="Node3D" parent="." unique_id=1491228548]

[node name="Biomes" type="Node3D" parent="Saved Nodes" unique_id=480014983]

[node name="biome1" type="Node" parent="Saved Nodes/Biomes" unique_id=328421163]
script = ExtResource("7_n8y37")

[node name="biome2" type="Node" parent="Saved Nodes/Biomes" unique_id=1318151892]
script = ExtResource("7_n8y37")

[node name="biome3" type="Node" parent="Saved Nodes/Biomes" unique_id=1063305846]
script = ExtResource("7_n8y37")

[node name="@CSGCombiner3D@58338" type="CSGCombiner3D" parent="Saved Nodes" unique_id=738671498]
use_collision = true
script = ExtResource("7_2c18v")

[node name="@CSGCombiner3D@58342" type="CSGCombiner3D" parent="Saved Nodes/@CSGCombiner3D@58338" unique_id=342023474]
script = ExtResource("9_yvdxd")

[node name="WallSimple" type="CSGBox3D" parent="Saved Nodes/@CSGCombiner3D@58338/@CSGCombiner3D@58342" unique_id=514626851 instance=ExtResource("10_hxs8k")]
transform = Transform3D(0.96751225, 0, -0.25282404, 0, 1, 0, 0.25282404, 0, 0.96751225, -97.81293, 0, -98.720634)
size = Vector3(1.4966434, 30, 0.5)
material = SubResource("StandardMaterial3D_ggy0p")

[node name="@CSGCombiner3D@58343" type="CSGCombiner3D" parent="Saved Nodes/@CSGCombiner3D@58338" unique_id=1106030414]
script = ExtResource("9_yvdxd")

[node name="WallSimple" type="CSGBox3D" parent="Saved Nodes/@CSGCombiner3D@58338/@CSGCombiner3D@58343" unique_id=1313169532 instance=ExtResource("10_hxs8k")]
transform = Transform3D(0.9526533, 0, 0.3040588, 0, 1, 0, -0.3040588, 0, 0.9526533, -95.39608, 0, -99.07175)
size = Vector3(3.553933, 30, 0.5)
material = SubResource("StandardMaterial3D_ggy0p")

[node name="@CSGCombiner3D@58344" type="CSGCombiner3D" parent="Saved Nodes/@CSGCombiner3D@58338" unique_id=173385141]
script = ExtResource("9_yvdxd")

[node name="WallSimple" type="CSGBox3D" parent="Saved Nodes/@CSGCombiner3D@58338/@CSGCombiner3D@58344" unique_id=1740304881 instance=ExtResource("10_hxs8k")]
transform = Transform3D(0.99981004, 0, -0.019490147, 0, 1, 0, 0.019490147, 0, 0.99981004, -89.76955, 0, -99.53536)
size = Vector3(7.8689036, 30, 0.5)
material = SubResource("StandardMaterial3D_ggy0p")

[node name="@CSGCombiner3D@58345" type="CSGCombiner3D" parent="Saved Nodes/@CSGCombiner3D@58338" unique_id=1932809745]
script = ExtResource("9_yvdxd")

[node name="WallSimple" type="CSGBox3D" parent="Saved Nodes/@CSGCombiner3D@58338/@CSGCombiner3D@58345" unique_id=1351425000 instance=ExtResource("10_hxs8k")]
transform = Transform3D(0.98159313, 0, -0.19098413, 0, 1, 0, 0.19098413, 0, 0.98159313, -84.877975, 0, -99.27231)
size = Vector3(1.9516495, 30, 0.5)
material = SubResource("StandardMaterial3D_ggy0p")

[node name="@CSGCombiner3D@58346" type="CSGCombiner3D" parent="Saved Nodes/@CSGCombiner3D@58338" unique_id=1798901313]
script = ExtResource("9_yvdxd")

[node name="WallSimple" type="CSGBox3D" parent="Saved Nodes/@CSGCombiner3D@58338/@CSGCombiner3D@58346" unique_id=768412805 instance=ExtResource("10_hxs8k")]
transform = Transform3D(0.9916325, 0, 0.12909286, 0, 1, 0, -0.12909286, 0, 0.9916325, -81.078125, 0, -99.45592)
size = Vector3(5.731937, 30, 0.5)
material = SubResource("StandardMaterial3D_ggy0p")

[node name="@CSGCombiner3D@58347" type="CSGCombiner3D" parent="Saved Nodes/@CSGCombiner3D@58338" unique_id=1903288355]
script = ExtResource("9_yvdxd")

[node name="WallSimple" type="CSGBox3D" parent="Saved Nodes/@CSGCombiner3D@58338/@CSGCombiner3D@58347" unique_id=1527212775 instance=ExtResource("10_hxs8k")]
transform = Transform3D(0.84855735, 0, 0.52910346, 0, 1, 0, -0.52910346, 0, 0.84855735, -76.67638, 0, -100.79846)
size = Vector3(3.6762745, 30, 0.5)
material = SubResource("StandardMaterial3D_ggy0p")

[node name="@CSGCombiner3D@58348" type="CSGCombiner3D" parent="Saved Nodes/@CSGCombiner3D@58338" unique_id=59091099]
script = ExtResource("9_yvdxd")

[node name="WallSimple" type="CSGBox3D" parent="Saved Nodes/@CSGCombiner3D@58338/@CSGCombiner3D@58348" unique_id=1309967192 instance=ExtResource("10_hxs8k")]
transform = Transform3D(0.91377914, 0, -0.4062114, 0, 1, 0, 0.4062114, 0, 0.91377914, -72.27388, 0, -100.507324)
size = Vector3(6.2219143, 30, 0.5)
material = SubResource("StandardMaterial3D_ggy0p")

[node name="@CSGCombiner3D@58349" type="CSGCombiner3D" parent="Saved Nodes/@CSGCombiner3D@58338" unique_id=1871168960]
script = ExtResource("9_yvdxd")

[node name="WallSimple" type="CSGBox3D" parent="Saved Nodes/@CSGCombiner3D@58338/@CSGCombiner3D@58349" unique_id=486428015 instance=ExtResource("10_hxs8k")]
transform = Transform3D(0.9997782, 0, -0.021059869, 0, 1, 0, 0.021059869, 0, 0.9997782, -68.618576, 0, -99.2265)
size = Vector3(1.6255131, 30, 0.5)
material = SubResource("StandardMaterial3D_ggy0p")

[node name="@CSGCombiner3D@58350" type="CSGCombiner3D" parent="Saved Nodes/@CSGCombiner3D@58338" unique_id=103330602]
script = ExtResource("9_yvdxd")

[node name="WallSimple" type="CSGBox3D" parent="Saved Nodes/@CSGCombiner3D@58338/@CSGCombiner3D@58350" unique_id=1516932362 instance=ExtResource("10_hxs8k")]
transform = Transform3D(0.9978608, 0, 0.06537505, 0, 1, 0, -0.06537505, 0, 0.9978608, -66.42319, 0, -99.29997)
size = Vector3(2.771554, 30, 0.5)
material = SubResource("StandardMaterial3D_ggy0p")

[node name="@CSGCombiner3D@58351" type="CSGCombiner3D" parent="Saved Nodes/@CSGCombiner3D@58338" unique_id=279874830]
script = ExtResource("9_yvdxd")

[node name="WallSimple" type="CSGBox3D" parent="Saved Nodes/@CSGCombiner3D@58338/@CSGCombiner3D@58351" unique_id=1965850095 instance=ExtResource("10_hxs8k")]
transform = Transform3D(0.96159774, 0, -0.27446267, 0, 1, 0, 0.27446267, 0, 0.96159774, -62.873276, 0, -98.77203)
size = Vector3(4.507292, 30, 0.5)
material = SubResource("StandardMaterial3D_ggy0p")

[node name="@CSGCombiner3D@58352" type="CSGCombiner3D" parent="Saved Nodes/@CSGCombiner3D@58338" unique_id=1912199014]
script = ExtResource("9_yvdxd")

[node name="WallSimple" type="CSGBox3D" parent="Saved Nodes/@CSGCombiner3D@58338/@CSGCombiner3D@58352" unique_id=2097084290 instance=ExtResource("10_hxs8k")]
transform = Transform3D(0.87916225, 0, 0.47652254, 0, 1, 0, -0.47652254, 0, 0.87916225, -57.30356, 0, -99.99777)
size = Vector3(7.7405796, 30, 0.5)
material = SubResource("StandardMaterial3D_ggy0p")

[node name="@CSGCombiner3D@58353" type="CSGCombiner3D" parent="Saved Nodes/@CSGCombiner3D@58338" unique_id=1167819754]
script = ExtResource("9_yvdxd")

[node name="WallSimple" type="CSGBox3D" parent="Saved Nodes/@CSGCombiner3D@58338/@CSGCombiner3D@58353" unique_id=1960234460 instance=ExtResource("10_hxs8k")]
transform = Transform3D(0.71835357, 0, -0.6956782, 0, 1, 0, 0.6956782, 0, 0.71835357, -51.938244, 0, -99.9413)
size = Vector3(5.46445, 30, 0.5)
material = SubResource("StandardMaterial3D_ggy0p")

[node name="@CSGCombiner3D@58354" type="CSGCombiner3D" parent="Saved Nodes/@CSGCombiner3D@58338" unique_id=740504902]
script = ExtResource("9_yvdxd")

[node name="WallSimple" type="CSGBox3D" parent="Saved Nodes/@CSGCombiner3D@58338/@CSGCombiner3D@58354" unique_id=1895036696 instance=ExtResource("10_hxs8k")]
transform = Transform3D(0.34793916, 0, 0.9375171, 0, 1, 0, -0.9375171, 0, 0.34793916, -49.35217, 0, -99.720215)
size = Vector3(3.583219, 30, 0.5)
material = SubResource("StandardMaterial3D_ggy0p")

[node name="@CSGCombiner3D@58355" type="CSGCombiner3D" parent="Saved Nodes/@CSGCombiner3D@58338" unique_id=951590572]
script = ExtResource("9_yvdxd")

[node name="WallSimple" type="CSGBox3D" parent="Saved Nodes/@CSGCombiner3D@58338/@CSGCombiner3D@58355" unique_id=1703898266 instance=ExtResource("10_hxs8k")]
transform = Transform3D(0.9995803, 0, 0.02896947, 0, 1, 0, -0.02896947, 0, 0.9995803, -46.331123, 0, -101.46937)
size = Vector3(4.7973623, 30, 0.5)
material = SubResource("StandardMaterial3D_ggy0p")

[node name="@CSGCombiner3D@58356" type="CSGCombiner3D" parent="Saved Nodes/@CSGCombiner3D@58338" unique_id=1983030138]
script = ExtResource("9_yvdxd")

[node name="WallSimple" type="CSGBox3D" parent="Saved Nodes/@CSGCombiner3D@58338/@CSGCombiner3D@58356" unique_id=147338737 instance=ExtResource("10_hxs8k")]
transform = Transform3D(0.99993753, 0, -0.011178023, 0, 1, 0, 0.011178023, 0, 0.99993753, -40.80047, 0, -101.50383)
size = Vector3(6.266356, 30, 0.5)
material = SubResource("StandardMaterial3D_ggy0p")

[node name="@CSGCombiner3D@58357" type="CSGCombiner3D" parent="Saved Nodes/@CSGCombiner3D@58338" unique_id=1763099211]
script = ExtResource("9_yvdxd")

[node name="WallSimple" type="CSGBox3D" parent="Saved Nodes/@CSGCombiner3D@58338/@CSGCombiner3D@58357" unique_id=1681586138 instance=ExtResource("10_hxs8k")]
transform = Transform3D(0.998722, 0, 0.050540123, 0, 1, 0, -0.050540123, 0, 0.998722, -36.817398, 0, -101.511826)
size = Vector3(1.7023442, 30, 0.5)
material = SubResource("StandardMaterial3D_ggy0p")

[node name="@CSGCombiner3D@58358" type="CSGCombiner3D" parent="Saved Nodes/@CSGCombiner3D@58338" unique_id=191980453]
script = ExtResource("9_yvdxd")

[node name="WallSimple" type="CSGBox3D" parent="Saved Nodes/@CSGCombiner3D@58338/@CSGCombiner3D@58358" unique_id=32454244 instance=ExtResource("10_hxs8k")]
transform = Transform3D(0.9973194, 0, 0.07317098, 0, 1, 0, -0.07317098, 0, 0.9973194, -33.0182, 0, -101.77122)
size = Vector3(5.914083, 30, 0.5)
material = SubResource("StandardMaterial3D_ggy0p")

[node name="@CSGCombiner3D@58359" type="CSGCombiner3D" parent="Saved Nodes/@CSGCombiner3D@58338" unique_id=1450069616]
script = ExtResource("9_yvdxd")

[node name="WallSimple" type="CSGBox3D" parent="Saved Nodes/@CSGCombiner3D@58338/@CSGCombiner3D@58359" unique_id=1068094357 instance=ExtResource("10_hxs8k")]
transform = Transform3D(0.898475, 0, -0.43902475, 0, 1, 0, 0.43902475, 0, 0.898475, -27.29283, 0, -100.63101)
size = Vector3(6.1799307, 30, 0.5)
material = SubResource("StandardMaterial3D_ggy0p")

[node name="@CSGCombiner3D@58360" type="CSGCombiner3D" parent="Saved Nodes/@CSGCombiner3D@58338" unique_id=1762383194]
script = ExtResource("9_yvdxd")

[node name="WallSimple" type="CSGBox3D" parent="Saved Nodes/@CSGCombiner3D@58338/@CSGCombiner3D@58360" unique_id=1224514166 instance=ExtResource("10_hxs8k")]
transform = Transform3D(0.9364027, 0, -0.35092738, 0, 1, 0, 0.35092738, 0, 0.9364027, -22.790417, 0, -98.62755)
size = Vector3(3.686782, 30, 0.5)
material = SubResource("StandardMaterial3D_ggy0p")

[node name="@CSGCombiner3D@58361" type="CSGCombiner3D" parent="Saved Nodes/@CSGCombiner3D@58338" unique_id=170442363]
script = ExtResource("9_yvdxd")

[node name="WallSimple" type="CSGBox3D" parent="Saved Nodes/@CSGCombiner3D@58338/@CSGCombiner3D@58361" unique_id=644110718 instance=ExtResource("10_hxs8k")]
transform = Transform3D(0.9703735, 0, 0.24160974, 0, 1, 0, -0.24160974, 0, 0.9703735, -18.735727, 0, -98.560425)
size = Vector3(4.7992516, 30, 0.5)
material = SubResource("StandardMaterial3D_ggy0p")

[node name="@CSGCombiner3D@58362" type="CSGCombiner3D" parent="Saved Nodes/@CSGCombiner3D@58338" unique_id=1333781975]
script = ExtResource("9_yvdxd")

[node name="WallSimple" type="CSGBox3D" parent="Saved Nodes/@CSGCombiner3D@58338/@CSGCombiner3D@58362" unique_id=593958706 instance=ExtResource("10_hxs8k")]
transform = Transform3D(0.9069987, 0, 0.4211334, 0, 1, 0, -0.4211334, 0, 0.9069987, -15.025256, 0, -99.78185)
size = Vector3(3.0472765, 30, 0.5)
material = SubResource("StandardMaterial3D_ggy0p")

[node name="@CSGCombiner3D@58363" type="CSGCombiner3D" parent="Saved Nodes/@CSGCombiner3D@58338" unique_id=508455479]
script = ExtResource("9_yvdxd")

[node name="WallSimple" type="CSGBox3D" parent="Saved Nodes/@CSGCombiner3D@58338/@CSGCombiner3D@58363" unique_id=1983217520 instance=ExtResource("10_hxs8k")]
transform = Transform3D(0.9714782, 0, -0.23712882, 0, 1, 0, 0.23712882, 0, 0.9714782, -11.3526, 0, -99.864365)
size = Vector3(4.7159433, 30, 0.5)
material = SubResource("StandardMaterial3D_ggy0p")

[node name="@CSGCombiner3D@58364" type="CSGCombiner3D" parent="Saved Nodes/@CSGCombiner3D@58338" unique_id=693840974]
script = ExtResource("9_yvdxd")

[node name="WallSimple" type="CSGBox3D" parent="Saved Nodes/@CSGCombiner3D@58338/@CSGCombiner3D@58364" unique_id=224245200 instance=ExtResource("10_hxs8k")]
transform = Transform3D(0.99698263, 0, -0.077625126, 0, 1, 0, 0.077625126, 0, 0.99698263, -6.9680624, 0, -99.1422)
size = Vector3(4.2003126, 30, 0.5)
material = SubResource("StandardMaterial3D_ggy0p")

[node name="@CSGCombiner3D@58365" type="CSGCombiner3D" parent="Saved Nodes/@CSGCombiner3D@58338" unique_id=853379712]
script = ExtResource("9_yvdxd")

[node name="WallSimple" type="CSGBox3D" parent="Saved Nodes/@CSGCombiner3D@58338/@CSGCombiner3D@58365" unique_id=1058911627 instance=ExtResource("10_hxs8k")]
transform = Transform3D(0.9873744, 0, -0.15840366, 0, 1, 0, 0.15840366, 0, 0.9873744, -3.7391016, 0, -98.79706)
size = Vector3(2.2993133, 30, 0.5)
material = SubResource("StandardMaterial3D_ggy0p")

[node name="@CSGCombiner3D@58366" type="CSGCombiner3D" parent="Saved Nodes/@CSGCombiner3D@58338" unique_id=360224876]
script = ExtResource("9_yvdxd")

[node name="WallSimple" type="CSGBox3D" parent="Saved Nodes/@CSGCombiner3D@58338/@CSGCombiner3D@58366" unique_id=425686888 instance=ExtResource("10_hxs8k")]
transform = Transform3D(0.9774855, 0, 0.2110028, 0, 1, 0, -0.2110028, 0, 0.9774855, -0.7796766, 0, -99.00874)
size = Vector3(3.7326047, 30, 0.5)
material = SubResource("StandardMaterial3D_ggy0p")

[node name="@CSGCombiner3D@58367" type="CSGCombiner3D" parent="Saved Nodes/@CSGCombiner3D@58338" unique_id=2101737758]
script = ExtResource("9_yvdxd")

[node name="WallSimple" type="CSGBox3D" parent="Saved Nodes/@CSGCombiner3D@58338/@CSGCombiner3D@58367" unique_id=1637021446 instance=ExtResource("10_hxs8k")]
transform = Transform3D(0.97927064, 0, 0.2025563, 0, 1, 0, -0.2025563, 0, 0.97927064, 3.7476516, 0, -99.961655)
size = Vector3(5.520527, 30, 0.5)
material = SubResource("StandardMaterial3D_ggy0p")

[node name="@CSGCombiner3D@58368" type="CSGCombiner3D" parent="Saved Nodes/@CSGCombiner3D@58338" unique_id=1322117322]
script = ExtResource("9_yvdxd")

[node name="WallSimple" type="CSGBox3D" parent="Saved Nodes/@CSGCombiner3D@58338/@CSGCombiner3D@58368" unique_id=760669473 instance=ExtResource("10_hxs8k")]
transform = Transform3D(0.999029, 0, 0.0440581, 0, 1, 0, -0.0440581, 0, 0.999029, 9.3276615, 0, -100.64764)
size = Vector3(5.7595234, 30, 0.5)
material = SubResource("StandardMaterial3D_ggy0p")

[node name="@CSGCombiner3D@58369" type="CSGCombiner3D" parent="Saved Nodes/@CSGCombiner3D@58338" unique_id=1877669368]
script = ExtResource("9_yvdxd")

[node name="WallSimple" type="CSGBox3D" parent="Saved Nodes/@CSGCombiner3D@58338/@CSGCombiner3D@58369" unique_id=1300226939 instance=ExtResource("10_hxs8k")]
transform = Transform3D(0.35230365, 0, 0.9358857, 0, 1, 0, -0.9358857, 0, 0.35230365, 12.343111, 0, -101.142395)
size = Vector3(0.78616, 30, 0.5)
material = SubResource("StandardMaterial3D_ggy0p")

[node name="@CSGCombiner3D@58370" type="CSGCombiner3D" parent="Saved Nodes/@CSGCombiner3D@58338" unique_id=92068738]
script = ExtResource("9_yvdxd")

[node name="WallSimple" type="CSGBox3D" parent="Saved Nodes/@CSGCombiner3D@58338/@CSGCombiner3D@58370" unique_id=1327851971 instance=ExtResource("10_hxs8k")]
transform = Transform3D(0.99992365, 0, 0.012358736, 0, 1, 0, -0.012358736, 0, 0.99992365, 15.458431, 0, -101.54706)
size = Vector3(5.954129, 30, 0.5)
material = SubResource("StandardMaterial3D_ggy0p")

[node name="@CSGCombiner3D@58371" type="CSGCombiner3D" parent="Saved Nodes/@CSGCombiner3D@58338" unique_id=1575437573]
script = ExtResource("9_yvdxd")

[node name="WallSimple" type="CSGBox3D" parent="Saved Nodes/@CSGCombiner3D@58338/@CSGCombiner3D@58371" unique_id=724426123 instance=ExtResource("10_hxs8k")]
transform = Transform3D(0.7032058, 0, -0.7109863, 0, 1, 0, 0.7109863, 0, 0.7032058, 20.16269, 0, -99.837326)
size = Vector3(4.912985, 30, 0.5)
material = SubResource("StandardMaterial3D_ggy0p")

[node name="@CSGCombiner3D@58372" type="CSGCombiner3D" parent="Saved Nodes/@CSGCombiner3D@58338" unique_id=799741684]
script = ExtResource("9_yvdxd")

[node name="WallSimple" type="CSGBox3D" parent="Saved Nodes/@CSGCombiner3D@58338/@CSGCombiner3D@58372" unique_id=629917951 instance=ExtResource("10_hxs8k")]
transform = Transform3D(0.99385864, 0, 0.11065738, 0, 1, 0, -0.11065738, 0, 0.99385864, 23.466301, 0, -98.26628)
size = Vector3(3.1718652, 30, 0.5)
material = SubResource("StandardMaterial3D_ggy0p")

[node name="@CSGCombiner3D@58373" type="CSGCombiner3D" parent="Saved Nodes/@CSGCombiner3D@58338" unique_id=2107442107]
script = ExtResource("9_yvdxd")

[node name="WallSimple" type="CSGBox3D" parent="Saved Nodes/@CSGCombiner3D@58338/@CSGCombiner3D@58373" unique_id=32651117 instance=ExtResource("10_hxs8k")]
transform = Transform3D(0.969267, 0, 0.24601114, 0, 1, 0, -0.24601114, 0, 0.969267, 28.408293, 0, -99.29606)
size = Vector3(6.9450397, 30, 0.5)
material = SubResource("StandardMaterial3D_ggy0p")

[node name="@CSGCombiner3D@58374" type="CSGCombiner3D" parent="Saved Nodes/@CSGCombiner3D@58338" unique_id=1362106959]
script = ExtResource("9_yvdxd")

[node name="WallSimple" type="CSGBox3D" parent="Saved Nodes/@CSGCombiner3D@58338/@CSGCombiner3D@58374" unique_id=444466090 instance=ExtResource("10_hxs8k")]
transform = Transform3D(0.9170719, 0, -0.3987219, 0, 1, 0, 0.3987219, 0, 0.9170719, 33.85257, 0, -99.24666)
size = Vector3(4.532859, 30, 0.5)
material = SubResource("StandardMaterial3D_ggy0p")

[node name="@CSGCombiner3D@58375" type="CSGCombiner3D" parent="Saved Nodes/@CSGCombiner3D@58338" unique_id=2027407006]
script = ExtResource("9_yvdxd")

[node name="WallSimple" type="CSGBox3D" parent="Saved Nodes/@CSGCombiner3D@58338/@CSGCombiner3D@58375" unique_id=143244387 instance=ExtResource("10_hxs8k")]
transform = Transform3D(0.99834156, 0, 0.0575689, 0, 1, 0, -0.0575689, 0, 0.99834156, 36.86348, 0, -98.39676)
size = Vector3(1.8679584, 30, 0.5)
material = SubResource("StandardMaterial3D_ggy0p")

[node name="@CSGCombiner3D@58376" type="CSGCombiner3D" parent="Saved Nodes/@CSGCombiner3D@58338" unique_id=803069126]
script = ExtResource("9_yvdxd")

[node name="WallSimple" type="CSGBox3D" parent="Saved Nodes/@CSGCombiner3D@58338/@CSGCombiner3D@58376" unique_id=1695944811 instance=ExtResource("10_hxs8k")]
transform = Transform3D(0.8580059, 0, 0.5136398, 0, 1, 0, -0.5136398, 0, 0.8580059, 39.626366, 0, -99.54631)
size = Vector3(4.2667675, 30, 0.5)
material = SubResource("StandardMaterial3D_ggy0p")

[node name="@CSGCombiner3D@58377" type="CSGCombiner3D" parent="Saved Nodes/@CSGCombiner3D@58338" unique_id=1593807976]
script = ExtResource("9_yvdxd")

[node name="WallSimple" type="CSGBox3D" parent="Saved Nodes/@CSGCombiner3D@58338/@CSGCombiner3D@58377" unique_id=327727671 instance=ExtResource("10_hxs8k")]
transform = Transform3D(0.9848469, 0, -0.17342614, 0, 1, 0, 0.17342614, 0, 0.9848469, 45.02921, 0, -100.01303)
size = Vector3(7.254707, 30, 0.5)
material = SubResource("StandardMaterial3D_ggy0p")

[node name="@CSGCombiner3D@58378" type="CSGCombiner3D" parent="Saved Nodes/@CSGCombiner3D@58338" unique_id=199808122]
script = ExtResource("9_yvdxd")

[node name="WallSimple" type="CSGBox3D" parent="Saved Nodes/@CSGCombiner3D@58338/@CSGCombiner3D@58378" unique_id=1366197965 instance=ExtResource("10_hxs8k")]
transform = Transform3D(0.9830127, 0, -0.1835376, 0, 1, 0, 0.1835376, 0, 0.9830127, 49.923496, 0, -99.13714)
size = Vector3(2.689486, 30, 0.5)
material = SubResource("StandardMaterial3D_ggy0p")

[node name="@CSGCombiner3D@58379" type="CSGCombiner3D" parent="Saved Nodes/@CSGCombiner3D@58338" unique_id=1781442344]
script = ExtResource("9_yvdxd")

[node name="WallSimple" type="CSGBox3D" parent="Saved Nodes/@CSGCombiner3D@58338/@CSGCombiner3D@58379" unique_id=505002659 instance=ExtResource("10_hxs8k")]
transform = Transform3D(0.99988425, 0, 0.015214659, 0, 1, 0, -0.015214659, 0, 0.99988425, 53.120354, 0, -98.91885)
size = Vector3(3.7503464, 30, 0.5)
material = SubResource("StandardMaterial3D_ggy0p")

[node name="@CSGCombiner3D@58380" type="CSGCombiner3D" parent="Saved Nodes/@CSGCombiner3D@58338" unique_id=1014168984]
script = ExtResource("9_yvdxd")

[node name="WallSimple" type="CSGBox3D" parent="Saved Nodes/@CSGCombiner3D@58338/@CSGCombiner3D@58380" unique_id=1668209532 instance=ExtResource("10_hxs8k")]
transform = Transform3D(0.9828893, 0, 0.18419729, 0, 1, 0, -0.18419729, 0, 0.9828893, 57.109062, 0, -99.34351)
size = Vector3(4.3011036, 30, 0.5)
material = SubResource("StandardMaterial3D_ggy0p")

[node name="@CSGCombiner3D@58381" type="CSGCombiner3D" parent="Saved Nodes/@CSGCombiner3D@58338" unique_id=1128460542]
script = ExtResource("9_yvdxd")

[node name="WallSimple" type="CSGBox3D" parent="Saved Nodes/@CSGCombiner3D@58338/@CSGCombiner3D@58381" unique_id=418672002 instance=ExtResource("10_hxs8k")]
transform = Transform3D(0.8575587, 0, 0.51438606, 0, 1, 0, -0.51438606, 0, 0.8575587, 60.27141, 0, -100.368614)
size = Vector3(2.4455361, 30, 0.5)
material = SubResource("StandardMaterial3D_ggy0p")

[node name="@CSGCombiner3D@58382" type="CSGCombiner3D" parent="Saved Nodes/@CSGCombiner3D@58338" unique_id=1205238529]
script = ExtResource("9_yvdxd")

[node name="WallSimple" type="CSGBox3D" parent="Saved Nodes/@CSGCombiner3D@58338/@CSGCombiner3D@58382" unique_id=577842460 instance=ExtResource("10_hxs8k")]
transform = Transform3D(0.9673576, 0, -0.25341535, 0, 1, 0, 0.25341535, 0, 0.9673576, 65.170944, 0, -99.98877)
size = Vector3(7.961757, 30, 0.5)
material = SubResource("StandardMaterial3D_ggy0p")

[node name="@CSGCombiner3D@58383" type="CSGCombiner3D" parent="Saved Nodes/@CSGCombiner3D@58338" unique_id=210256412]
script = ExtResource("9_yvdxd")

[node name="WallSimple" type="CSGBox3D" parent="Saved Nodes/@CSGCombiner3D@58338/@CSGCombiner3D@58383" unique_id=1849429406 instance=ExtResource("10_hxs8k")]
transform = Transform3D(0.99993116, 0, -0.011733469, 0, 1, 0, 0.011733469, 0, 0.99993116, 70.868385, 0, -98.95829)
size = Vector3(3.6932778, 30, 0.5)
material = SubResource("StandardMaterial3D_ggy0p")

[node name="@CSGCombiner3D@58384" type="CSGCombiner3D" parent="Saved Nodes/@CSGCombiner3D@58338" unique_id=1783316425]
script = ExtResource("9_yvdxd")

[node name="WallSimple" type="CSGBox3D" parent="Saved Nodes/@CSGCombiner3D@58338/@CSGCombiner3D@58384" unique_id=1887321838 instance=ExtResource("10_hxs8k")]
transform = Transform3D(0.98817414, 0, 0.15333584, 0, 1, 0, -0.15333584, 0, 0.98817414, 74.75236, 0, -99.25278)
size = Vector3(4.123687, 30, 0.5)
material = SubResource("StandardMaterial3D_ggy0p")

[node name="@CSGCombiner3D@58385" type="CSGCombiner3D" parent="Saved Nodes/@CSGCombiner3D@58338" unique_id=702298230]
script = ExtResource("9_yvdxd")

[node name="WallSimple" type="CSGBox3D" parent="Saved Nodes/@CSGCombiner3D@58338/@CSGCombiner3D@58385" unique_id=92495987 instance=ExtResource("10_hxs8k")]
transform = Transform3D(0.99946046, 0, -0.032845266, 0, 1, 0, 0.032845266, 0, 0.99946046, 77.673874, 0, -99.53988)
size = Vector3(1.7690667, 30, 0.5)
material = SubResource("StandardMaterial3D_ggy0p")

[node name="@CSGCombiner3D@58386" type="CSGCombiner3D" parent="Saved Nodes/@CSGCombiner3D@58338" unique_id=1992455484]
script = ExtResource("9_yvdxd")

[node name="WallSimple" type="CSGBox3D" parent="Saved Nodes/@CSGCombiner3D@58338/@CSGCombiner3D@58386" unique_id=973641314 instance=ExtResource("10_hxs8k")]
transform = Transform3D(0.9487221, 0, -0.31611127, 0, 1, 0, 0.31611127, 0, 0.9487221, 80.422066, 0, -98.8897)
size = Vector3(3.9297824, 30, 0.5)
material = SubResource("StandardMaterial3D_ggy0p")

[node name="@CSGCombiner3D@58387" type="CSGCombiner3D" parent="Saved Nodes/@CSGCombiner3D@58338" unique_id=1217672763]
script = ExtResource("9_yvdxd")

[node name="WallSimple" type="CSGBox3D" parent="Saved Nodes/@CSGCombiner3D@58338/@CSGCombiner3D@58387" unique_id=1659323110 instance=ExtResource("10_hxs8k")]
transform = Transform3D(0.9955938, 0, 0.09377109, 0, 1, 0, -0.09377109, 0, 0.9955938, 84.15402, 0, -98.4445)
size = Vector3(3.7521667, 30, 0.5)
material = SubResource("StandardMaterial3D_ggy0p")

[node name="@CSGCombiner3D@58388" type="CSGCombiner3D" parent="Saved Nodes/@CSGCombiner3D@58338" unique_id=891735993]
script = ExtResource("9_yvdxd")

[node name="WallSimple" type="CSGBox3D" parent="Saved Nodes/@CSGCombiner3D@58338/@CSGCombiner3D@58388" unique_id=1118141762 instance=ExtResource("10_hxs8k")]
transform = Transform3D(0.9746942, 0, 0.22354254, 0, 1, 0, -0.22354254, 0, 0.9746942, 88.78053, 0, -99.25312)
size = Vector3(5.6606503, 30, 0.5)
material = SubResource("StandardMaterial3D_ggy0p")

[node name="@CSGCombiner3D@58389" type="CSGCombiner3D" parent="Saved Nodes/@CSGCombiner3D@58338" unique_id=1081626744]
script = ExtResource("9_yvdxd")

[node name="WallSimple" type="CSGBox3D" parent="Saved Nodes/@CSGCombiner3D@58338/@CSGCombiner3D@58389" unique_id=1625960703 instance=ExtResource("10_hxs8k")]
transform = Transform3D(0.9891835, 0, 0.14668356, 0, 1, 0, -0.14668356, 0, 0.9891835, 94.44768, 0, -100.31711)
size = Vector3(5.8804936, 30, 0.5)
material = SubResource("StandardMaterial3D_ggy0p")

[node name="@CSGCombiner3D@58390" type="CSGCombiner3D" parent="Saved Nodes/@CSGCombiner3D@58338" unique_id=1953189587]
script = ExtResource("9_yvdxd")

[node name="WallSimple" type="CSGBox3D" parent="Saved Nodes/@CSGCombiner3D@58338/@CSGCombiner3D@58390" unique_id=1531503424 instance=ExtResource("10_hxs8k")]
transform = Transform3D(0.97917455, 0, -0.20302011, 0, 1, 0, 0.20302011, 0, 0.97917455, 98.21129, 0, -100.57108)
size = Vector3(1.7466952, 30, 0.5)
material = SubResource("StandardMaterial3D_ggy0p")

[node name="@CSGCombiner3D@58391" type="CSGCombiner3D" parent="Saved Nodes/@CSGCombiner3D@58338" unique_id=889745837]
script = ExtResource("9_yvdxd")

[node name="WallSimple" type="CSGBox3D" parent="Saved Nodes/@CSGCombiner3D@58338/@CSGCombiner3D@58391" unique_id=761835361 instance=ExtResource("10_hxs8k")]
transform = Transform3D(0.99297005, 0, 0.11836608, 0, 1, 0, -0.11836608, 0, 0.99297005, -44.379868, 0, -92.528564)
size = Vector3(2.760518, 30, 0.5)
material = SubResource("StandardMaterial3D_ggy0p")

[node name="@CSGCombiner3D@58392" type="CSGCombiner3D" parent="Saved Nodes/@CSGCombiner3D@58338" unique_id=1317475355]
script = ExtResource("9_yvdxd")

[node name="WallSimple" type="CSGBox3D" parent="Saved Nodes/@CSGCombiner3D@58338/@CSGCombiner3D@58392" unique_id=1020375402 instance=ExtResource("10_hxs8k")]
transform = Transform3D(0.9876539, 0, -0.15665168, 0, 1, 0, 0.15665168, 0, 0.9876539, -45.6259, 0, -76.6536)
size = Vector3(5.6320066, 30, 0.5)
material = SubResource("StandardMaterial3D_ggy0p")

[node name="@CSGCombiner3D@58393" type="CSGCombiner3D" parent="Saved Nodes/@CSGCombiner3D@58338" unique_id=17695106]
script = ExtResource("9_yvdxd")

[node name="WallSimple" type="CSGBox3D" parent="Saved Nodes/@CSGCombiner3D@58338/@CSGCombiner3D@58393" unique_id=2006684433 instance=ExtResource("10_hxs8k")]
transform = Transform3D(0.99859756, 0, -0.05294233, 0, 1, 0, 0.05294233, 0, 0.99859756, -94.45052, 0, -70.65427)
size = Vector3(3.3904207, 30, 0.5)
material = SubResource("StandardMaterial3D_ggy0p")

[node name="@CSGCombiner3D@58394" type="CSGCombiner3D" parent="Saved Nodes/@CSGCombiner3D@58338" unique_id=19354226]
script = ExtResource("9_yvdxd")

[node name="WallSimple" type="CSGBox3D" parent="Saved Nodes/@CSGCombiner3D@58338/@CSGCombiner3D@58394" unique_id=579273849 instance=ExtResource("10_hxs8k")]
transform = Transform3D(0.99705225, 0, -0.07672537, 0, 1, 0, 0.07672537, 0, 0.99705225, -90.4906, 0, -70.39006)
size = Vector3(4.5475845, 30, 0.5)
material = SubResource("StandardMaterial3D_ggy0p")

[node name="@CSGCombiner3D@58395" type="CSGCombiner3D" parent="Saved Nodes/@CSGCombiner3D@58338" unique_id=500556653]
script = ExtResource("9_yvdxd")

[node name="WallSimple" type="CSGBox3D" parent="Saved Nodes/@CSGCombiner3D@58338/@CSGCombiner3D@58395" unique_id=971388024 instance=ExtResource("10_hxs8k")]
transform = Transform3D(0.9172004, 0, 0.39842618, 0, 1, 0, -0.39842618, 0, 0.9172004, -85.33491, 0, -71.4704)
size = Vector3(6.2987394, 30, 0.5)
material = SubResource("StandardMaterial3D_ggy0p")

[node name="@CSGCombiner3D@58396" type="CSGCombiner3D" parent="Saved Nodes/@CSGCombiner3D@58338" unique_id=1200142707]
script = ExtResource("9_yvdxd")

[node name="WallSimple" type="CSGBox3D" parent="Saved Nodes/@CSGCombiner3D@58338/@CSGCombiner3D@58396" unique_id=1625383150 instance=ExtResource("10_hxs8k")]
transform = Transform3D(0.98908603, 0, -0.14733912, 0, 1, 0, 0.14733912, 0, 0.98908603, -69.31263, 0, -65.87578)
size = Vector3(3.1693714, 30, 0.5)
material = SubResource("StandardMaterial3D_ggy0p")

[node name="@CSGCombiner3D@58397" type="CSGCombiner3D" parent="Saved Nodes/@CSGCombiner3D@58338" unique_id=238169969]
script = ExtResource("9_yvdxd")

[node name="WallSimple" type="CSGBox3D" parent="Saved Nodes/@CSGCombiner3D@58338/@CSGCombiner3D@58397" unique_id=30745969 instance=ExtResource("10_hxs8k")]
transform = Transform3D(0.83752316, 0, 0.5464018, 0, 1, 0, -0.5464018, 0, 0.83752316, -61.98018, 0, -63.172478)
size = Vector3(4.109087, 30, 0.5)
material = SubResource("StandardMaterial3D_ggy0p")

[node name="@CSGCombiner3D@58398" type="CSGCombiner3D" parent="Saved Nodes/@CSGCombiner3D@58338" unique_id=2078856263]
script = ExtResource("9_yvdxd")

[node name="WallSimple" type="CSGBox3D" parent="Saved Nodes/@CSGCombiner3D@58338/@CSGCombiner3D@58398" unique_id=1678713863 instance=ExtResource("10_hxs8k")]
transform = Transform3D(0.9260987, 0, -0.3772813, 0, 1, 0, 0.3772813, 0, 0.9260987, -36.21888, 0, -59.845955)
size = Vector3(4.9787245, 30, 0.5)
material = SubResource("StandardMaterial3D_ggy0p")

[node name="@CSGCombiner3D@58399" type="CSGCombiner3D" parent="Saved Nodes/@CSGCombiner3D@58338" unique_id=409762733]
script = ExtResource("9_yvdxd")

[node name="WallSimple" type="CSGBox3D" parent="Saved Nodes/@CSGCombiner3D@58338/@CSGCombiner3D@58399" unique_id=1027039926 instance=ExtResource("10_hxs8k")]
transform = Transform3D(0.75797457, 0, 0.6522841, 0, 1, 0, -0.6522841, 0, 0.75797457, -32.793224, 0, -59.87082)
size = Vector3(2.9559333, 30, 0.5)
material = SubResource("StandardMaterial3D_ggy0p")

[node name="@CSGCombiner3D@58400" type="CSGCombiner3D" parent="Saved Nodes/@CSGCombiner3D@58338" unique_id=333065953]
script = ExtResource("9_yvdxd")

[node name="WallSimple" type="CSGBox3D" parent="Saved Nodes/@CSGCombiner3D@58338/@CSGCombiner3D@58400" unique_id=432448734 instance=ExtResource("10_hxs8k")]
transform = Transform3D(0.9810263, 0, 0.19387466, 0, 1, 0, -0.19387466, 0, 0.9810263, -53.021408, 0, -49.95707)
size = Vector3(2.6725457, 30, 0.5)
material = SubResource("StandardMaterial3D_ggy0p")

[node name="@CSGCombiner3D@58401" type="CSGCombiner3D" parent="Saved Nodes/@CSGCombiner3D@58338" unique_id=129791227]
script = ExtResource("9_yvdxd")

[node name="WallSimple" type="CSGBox3D" parent="Saved Nodes/@CSGCombiner3D@58338/@CSGCombiner3D@58401" unique_id=171970554 instance=ExtResource("10_hxs8k")]
transform = Transform3D(0.9821606, 0, -0.18804373, 0, 1, 0, 0.18804373, 0, 0.9821606, -20.125896, 0, -50.295273)
size = Vector3(6.576084, 30, 0.5)
material = SubResource("StandardMaterial3D_ggy0p")

[node name="@CSGCombiner3D@58402" type="CSGCombiner3D" parent="Saved Nodes/@CSGCombiner3D@58338" unique_id=820321013]
script = ExtResource("9_yvdxd")

[node name="WallSimple" type="CSGBox3D" parent="Saved Nodes/@CSGCombiner3D@58338/@CSGCombiner3D@58402" unique_id=1898990244 instance=ExtResource("10_hxs8k")]
transform = Transform3D(0.90079087, 0, 0.4342532, 0, 1, 0, -0.4342532, 0, 0.90079087, -15.369215, 0, -50.413258)
size = Vector3(3.3910105, 30, 0.5)
material = SubResource("StandardMaterial3D_ggy0p")

[node name="@CSGCombiner3D@58403" type="CSGCombiner3D" parent="Saved Nodes/@CSGCombiner3D@58338" unique_id=1475229643]
script = ExtResource("9_yvdxd")

[node name="WallSimple" type="CSGBox3D" parent="Saved Nodes/@CSGCombiner3D@58338/@CSGCombiner3D@58403" unique_id=1959616454 instance=ExtResource("10_hxs8k")]
transform = Transform3D(0.91602594, 0, -0.40111902, 0, 1, 0, 0.40111902, 0, 0.91602594, -3.071527, 0, -42.260452)
size = Vector3(5.6419754, 30, 0.5)
material = SubResource("StandardMaterial3D_ggy0p")

[node name="@CSGCombiner3D@58404" type="CSGCombiner3D" parent="Saved Nodes/@CSGCombiner3D@58338" unique_id=1891031209]
script = ExtResource("9_yvdxd")

[node name="WallSimple" type="CSGBox3D" parent="Saved Nodes/@CSGCombiner3D@58338/@CSGCombiner3D@58404" unique_id=1348002426 instance=ExtResource("10_hxs8k")]
transform = Transform3D(0.977452, 0, 0.21115777, 0, 1, 0, -0.21115777, 0, 0.977452, 8.123482, 0, -36.235382)
size = Vector3(3.7739272, 30, 0.5)
material = SubResource("StandardMaterial3D_ggy0p")

[node name="@CSGCombiner3D@58405" type="CSGCombiner3D" parent="Saved Nodes/@CSGCombiner3D@58338" unique_id=1231657504]
script = ExtResource("9_yvdxd")

[node name="WallSimple" type="CSGBox3D" parent="Saved Nodes/@CSGCombiner3D@58338/@CSGCombiner3D@58405" unique_id=333934149 instance=ExtResource("10_hxs8k")]
transform = Transform3D(0.99966305, 0, 0.025958195, 0, 1, 0, -0.025958195, 0, 0.99966305, 21.041386, 0, -32.14141)
size = Vector3(6.579488, 30, 0.5)
material = SubResource("StandardMaterial3D_ggy0p")

[node name="@CSGCombiner3D@58406" type="CSGCombiner3D" parent="Saved Nodes/@CSGCombiner3D@58338" unique_id=777434803]
script = ExtResource("9_yvdxd")

[node name="WallSimple" type="CSGBox3D" parent="Saved Nodes/@CSGCombiner3D@58338/@CSGCombiner3D@58406" unique_id=531609695 instance=ExtResource("10_hxs8k")]
transform = Transform3D(0.99782443, 0, 0.065927155, 0, 1, 0, -0.065927155, 0, 0.99782443, 28.00087, 0, -26.208408)
size = Vector3(6.5601687, 30, 0.5)
material = SubResource("StandardMaterial3D_ggy0p")

[node name="@CSGCombiner3D@58407" type="CSGCombiner3D" parent="Saved Nodes/@CSGCombiner3D@58338" unique_id=873396542]
script = ExtResource("9_yvdxd")

[node name="WallSimple" type="CSGBox3D" parent="Saved Nodes/@CSGCombiner3D@58338/@CSGCombiner3D@58407" unique_id=1939152596 instance=ExtResource("10_hxs8k")]
transform = Transform3D(0.9994381, 0, -0.033518482, 0, 1, 0, 0.033518482, 0, 0.9994381, 33.92393, 0, -26.335777)
size = Vector3(5.303204, 30, 0.5)
material = SubResource("StandardMaterial3D_ggy0p")

[node name="@CSGCombiner3D@58408" type="CSGCombiner3D" parent="Saved Nodes/@CSGCombiner3D@58338" unique_id=1788668973]
script = ExtResource("9_yvdxd")

[node name="WallSimple" type="CSGBox3D" parent="Saved Nodes/@CSGCombiner3D@58338/@CSGCombiner3D@58408" unique_id=717649339 instance=ExtResource("10_hxs8k")]
transform = Transform3D(0.6491302, 0, -0.7606773, 0, 1, 0, 0.7606773, 0, 0.6491302, 36.819046, 0, -23.794323)
size = Vector3(1.4447162, 30, 0.5)
material = SubResource("StandardMaterial3D_ggy0p")

[node name="@CSGCombiner3D@58409" type="CSGCombiner3D" parent="Saved Nodes/@CSGCombiner3D@58338" unique_id=912009204]
script = ExtResource("9_yvdxd")

[node name="WallSimple" type="CSGBox3D" parent="Saved Nodes/@CSGCombiner3D@58338/@CSGCombiner3D@58409" unique_id=1579528090 instance=ExtResource("10_hxs8k")]
transform = Transform3D(0.97021276, 0, 0.24225432, 0, 1, 0, -0.24225432, 0, 0.97021276, -45.210793, 0, -17.271318)
size = Vector3(3.627984, 30, 0.5)
material = SubResource("StandardMaterial3D_ggy0p")

[node name="@CSGCombiner3D@58410" type="CSGCombiner3D" parent="Saved Nodes/@CSGCombiner3D@58338" unique_id=403973645]
script = ExtResource("9_yvdxd")

[node name="WallSimple" type="CSGBox3D" parent="Saved Nodes/@CSGCombiner3D@58338/@CSGCombiner3D@58410" unique_id=1939239728 instance=ExtResource("10_hxs8k")]
transform = Transform3D(0.9662833, 0, -0.25748125, 0, 1, 0, 0.25748125, 0, 0.9662833, 44.99671, 0, -13.467336)
size = Vector3(6.011941, 30, 0.5)
material = SubResource("StandardMaterial3D_ggy0p")

[node name="@CSGCombiner3D@58411" type="CSGCombiner3D" parent="Saved Nodes/@CSGCombiner3D@58338" unique_id=367469917]
script = ExtResource("9_yvdxd")

[node name="WallSimple" type="CSGBox3D" parent="Saved Nodes/@CSGCombiner3D@58338/@CSGCombiner3D@58411" unique_id=786771168 instance=ExtResource("10_hxs8k")]
transform = Transform3D(0.971698, 0, -0.23622651, 0, 1, 0, 0.23622651, 0, 0.971698, -41.50823, 0, -0.87637424)
